0 0 -10.8984 23.9941 15.4688 0 0 0 -10.8984 23.9941 15.4688 0 12.4805 0 166.948 12.4805 0 166.948 17.0344 
0 0 -10.8984 23.9941 15.4688 0 0 0 -10.8984 23.9941 15.4688 0 12.4805 0 166.904 12.4805 0 166.904 35.2779 
0 0 -10.9424 23.9941 15.4688 0 0 0 -10.9424 23.9941 15.4688 0 12.4805 0 166.86 12.4805 0 166.86 49.963 
0 0 -10.9424 23.9502 15.4688 0 0 0 -10.9424 23.9502 15.4688 0 12.4805 0 166.816 12.4805 0 166.816 63.942 
0 0 -10.8984 23.9941 15.4688 0 0 0 -10.8984 23.9941 15.4688 0 12.4805 0 166.816 12.4805 0 166.816 78.0414 
0 0 -10.8545 23.9941 15.4688 0 0 0 -10.8545 23.9941 15.4688 0 12.4805 0 166.816 12.4805 0 166.816 92.5436 
0 0 -10.8545 23.9941 15.3809 0 0 0 -10.8545 23.9941 15.3809 0 12.4805 0 166.86 12.4805 0 166.86 107.368 
0 0 -10.8984 23.9502 15.3809 0 0 0 -10.8984 23.9502 15.3809 0 12.4805 0 166.772 12.4805 0 166.772 121.089 
0 0 -10.9424 23.9502 15.3809 0 0 0 -10.9424 23.9502 15.3809 0 12.4805 0 166.729 12.4805 0 166.729 135.013 
0 0 -10.9424 23.9941 15.3809 0 0 0 -10.9424 23.9941 15.3809 0 12.4805 0 166.729 12.4805 0 166.729 149.089 
0 0 -10.8984 23.9941 15.3809 0 0 0 -10.8984 23.9941 15.3809 0 12.4805 0 166.685 12.4805 0 166.685 163.025 
0 0 -10.8984 23.9941 15.4688 0 0 0 -10.8984 23.9941 15.4688 0 12.4805 0 166.685 12.4805 0 166.685 176.992 
0 0 -10.9424 23.9941 15.3809 0 0 0 -10.9424 23.9941 15.3809 0 12.4805 0 166.685 12.4805 0 166.685 191.002 
0 0 -10.8984 23.9941 15.4688 0 0 0 -10.8984 23.9941 15.4688 0 12.4805 0 166.685 12.4805 0 166.685 204.934 
0 0 -10.8984 23.9502 15.4688 0 0 0 -10.8984 23.9502 15.4688 0 12.4805 0 166.641 12.4805 0 166.641 218.898 
0 0 -10.8984 23.9941 15.3809 0 0 0 -10.8984 23.9941 15.3809 0 12.4805 0 166.685 12.4805 0 166.685 232.898 
0 0 -10.8984 23.9941 15.4688 0 0 0 -10.8984 23.9941 15.4688 0 12.4805 0 166.685 12.4805 0 166.685 246.954 
0 0 -10.8545 23.9941 15.4688 0 0 0 -10.8545 23.9941 15.4688 0 12.4805 0 166.685 12.4805 0 166.685 260.862 
0 0 -10.8984 23.9941 15.4688 0 0 0 -10.8984 23.9941 15.4688 0 12.4805 0 166.729 12.4805 0 166.729 274.859 
0 0 -10.8545 23.9502 15.4688 0 0 0 -10.8545 23.9502 15.4688 0 12.4805 0 166.685 12.4805 0 166.685 289.738 
0 0 -10.8105 23.9941 15.4688 0 0 0 -10.8105 23.9941 15.4688 0 12.5244 0 166.729 12.5244 0 166.729 304.091 
0 0 -10.7227 24.126 15.4688 0 0 0 -10.7227 24.126 15.4688 0 12.4805 0 166.729 12.4805 0 166.729 317.942 
0 0 -10.6787 24.1699 15.4688 0 0 0 -10.6787 24.1699 15.4688 0 12.4805 0 166.729 12.4805 0 166.729 331.857 
0 0 -10.6348 24.2139 15.4688 0 0 0 -10.6348 24.2139 15.4688 0 12.4805 0 166.729 12.4805 0 166.729 345.83 
0 0 -10.6348 24.2578 15.4688 0 0 0 -10.6348 24.2578 15.4688 0 12.4805 0 166.729 12.4805 0 166.729 360.394 
0 0 -10.6348 24.2578 15.4688 0 0 0 -10.6348 24.2578 15.4688 0 12.4805 0 166.729 12.4805 0 166.729 373.914 
0 0 -10.5908 24.2578 15.4688 0 0 0 -10.5908 24.2578 15.4688 0 12.4805 0 166.729 12.4805 0 166.729 387.958 
0 0 -10.5908 24.2139 15.4688 0 0 0 -10.5908 24.2139 15.4688 0 12.4805 0 166.772 12.4805 0 166.772 401.825 
0 0 -10.6348 24.2139 15.4688 0 0 0 -10.6348 24.2139 15.4688 0 12.4365 0 166.729 12.4365 0 166.729 415.805 
0 0 -10.6348 24.2578 15.4688 0 0 0 -10.6348 24.2578 15.4688 0 12.4365 0 166.729 12.4365 0 166.729 429.995 
0 0 -10.6787 24.126 15.3809 0 0 0 -10.6787 24.126 15.3809 0 12.3926 0 166.685 12.3926 0 166.685 443.816 
0 0 -10.7227 24.126 15.3809 0 0 0 -10.7227 24.126 15.3809 0 12.3486 0 166.685 12.3486 0 166.685 457.82 
0 0 -10.7666 24.0381 15.3809 0 0 0 -10.7666 24.0381 15.3809 0 12.3486 0 166.685 12.3486 0 166.685 471.785 
0 0 -10.8105 24.0381 15.3809 0 0 0 -10.8105 24.0381 15.3809 0 12.3047 0 166.685 12.3047 0 166.685 485.881 
0 0 -10.6787 24.1699 15.3809 0 0 0 -10.6787 24.1699 15.3809 0 12.2607 0 166.685 12.2607 0 166.685 499.794 
0 0 -10.6348 24.2578 15.4688 0 0 0 -10.6348 24.2578 15.4688 0 12.1729 0 166.641 12.1729 0 166.641 513.775 
0 0 -10.6348 24.3018 15.4688 0 0 0 -10.6348 24.3018 15.4688 0 12.1289 0 166.597 12.1289 0 166.597 527.805 
0 0 -10.5908 24.3457 15.4688 0 0 0 -10.5908 24.3457 15.4688 0 12.041 0 166.553 12.041 0 166.553 541.806 
0 0 -10.5908 24.3018 15.4688 0 0 0 -10.5908 24.3018 15.4688 0 11.9531 0 166.509 11.9531 0 166.509 555.82 
0 0 -10.5908 24.3018 15.4688 0 0 0 -10.5908 24.3018 15.4688 0 11.8652 0 166.465 11.8652 0 166.465 569.748 
0 0 -10.5908 24.3457 15.4688 0 0 0 -10.5908 24.3457 15.4688 0 11.7773 0 166.377 11.7773 0 166.377 583.752 
0 0 -10.5908 24.3018 15.4688 0 0 0 -10.5908 24.3018 15.4688 0 11.6455 0 166.333 11.6455 0 166.333 597.785 
0 0 -10.6348 24.3457 15.4688 0 0 0 -10.6348 24.3457 15.4688 0 11.5137 0 166.289 11.5137 0 166.289 611.859 
0 0 -10.5908 24.3018 15.4688 0 0 0 -10.5908 24.3018 15.4688 0 11.3818 0 166.245 11.3818 0 166.245 625.809 
0 0 -10.5908 24.3018 15.4688 0 0 0 -10.5908 24.3018 15.4688 0 11.2061 0 166.245 11.2061 0 166.245 639.721 
0 0 -10.5908 24.3018 15.4688 0 0 0 -10.5908 24.3018 15.4688 0 11.0303 0 166.201 11.0303 0 166.201 653.871 
0 0 -10.6348 24.3018 15.4688 0 0 0 -10.6348 24.3018 15.4688 0 10.8105 0 166.157 10.8105 0 166.157 667.831 
0 0 -10.6348 24.3018 15.4688 0 0 0 -10.6348 24.3018 15.4688 0 10.5469 0 166.113 10.5469 0 166.113 681.768 
0 0 -10.6348 24.3018 15.4688 0 0 0 -10.6348 24.3018 15.4688 0 10.2832 0 166.069 10.2832 0 166.069 695.813 
0 0 -10.6787 24.3018 15.4688 0 0 0 -10.6787 24.3018 15.4688 0 9.97559 0 166.025 9.97559 0 166.025 709.726 
0 0 -10.7227 24.3018 15.4688 0 0 0 -10.7227 24.3018 15.4688 0 9.44824 0 165.981 9.44824 0 165.981 723.685 
0 0 -10.8105 24.2578 15.5566 0 0 0 -10.8105 24.2578 15.5566 0 8.9209 0 165.894 8.9209 0 165.894 737.841 
0 0 -10.9863 24.1699 15.5566 0 0 0 -10.9863 24.1699 15.5566 0 8.34961 0 165.894 8.34961 0 165.894 751.832 
0 0 -11.0742 23.9062 15.5566 0 0 0 -11.0742 23.9062 15.5566 0 7.9541 0 165.806 7.9541 0 165.806 765.777 
0 0 -11.1621 23.7744 15.5566 0 0 0 -11.1621 23.7744 15.5566 0 7.42676 0 165.806 7.42676 0 165.806 779.783 
0 0 -11.25 23.8184 15.6445 0 0 0 -11.25 23.8184 15.6445 0 6.94336 0 165.762 6.94336 0 165.762 793.784 
0 0 -11.2939 23.7744 15.7324 0 0 0 -11.2939 23.7744 15.7324 0 6.50391 0 165.806 6.50391 0 165.806 807.799 
0 0 -11.2939 23.8184 15.8203 0 0 0 -11.2939 23.8184 15.8203 0 6.02051 0 165.762 6.02051 0 165.762 822.098 
0 0 -11.3379 23.9502 16.084 0 0 0 -11.3379 23.9502 16.084 0 5.49316 0 165.762 5.49316 0 165.762 837.859 
0 0 -11.3818 24.0381 16.3477 0 0 0 -11.3818 24.0381 16.3477 0 4.96582 0 165.762 4.96582 0 165.762 851.723 
0 0 -11.3818 24.1699 16.6113 0 0 0 -11.3818 24.1699 16.6113 0 4.43848 0 165.762 4.43848 0 165.762 865.635 
0 0 -11.4258 24.2578 16.9629 0 0 0 -11.4258 24.2578 16.9629 0 3.95508 0 165.718 3.95508 0 165.718 879.824 
0 0 -11.4258 24.3018 17.3145 0 0 0 -11.4258 24.3018 17.3145 0 3.51562 0 165.674 3.51562 0 165.674 893.7 
0 0 -11.4697 24.3018 17.7539 0 0 0 -11.4697 24.3018 17.7539 0 2.98828 0 165.586 2.98828 0 165.586 907.655 
0 0 -11.5137 24.3896 18.1055 0 0 0 -11.5137 24.3896 18.1055 0 2.54883 0 165.542 2.54883 0 165.542 921.78 
0 0 -11.5137 24.3896 18.457 0 0 0 -11.5137 24.3896 18.457 0 2.06543 0 165.498 2.06543 0 165.498 935.94 
0 0 -11.5576 24.3457 18.8965 0 0 0 -11.5576 24.3457 18.8965 0 1.62598 0 165.454 1.62598 0 165.454 949.647 
0 0 -11.6016 24.4336 19.1602 0 0 0 -11.6016 24.4336 19.1602 0 1.18652 0 165.498 1.18652 0 165.498 963.571 
0 0 -11.5576 24.4336 19.5996 0 0 0 -11.5576 24.4336 19.5996 0 0.703125 0 165.454 0.703125 0 165.454 977.611 
0 0 -11.6016 24.4775 19.8633 0 0 0 -11.6016 24.4775 19.8633 0 0.263672 0 165.542 0.263672 0 165.542 991.661 
0 0 -11.6455 24.4775 20.2148 0 0 0 -11.6455 24.4775 20.2148 0 -0.175781 0 165.542 -0.175781 0 165.542 1005.85 
0 0 -11.6016 24.5215 20.3906 0 0 0 -11.6016 24.5215 20.3906 0 -0.703125 0 165.586 -0.703125 0 165.586 1020.02 
0 0 -11.6016 24.5215 20.5664 0 0 0 -11.6016 24.5215 20.5664 0 -1.18652 0 165.542 -1.18652 0 165.542 1038.69 
0 0 -11.6016 24.5654 20.7422 0 0 0 -11.6016 24.5654 20.7422 0 -1.88965 0 165.542 -1.88965 0 165.542 1055.7 
0 0 -11.6016 24.6094 20.918 0 0 0 -11.6016 24.6094 20.918 0 -2.46094 0 165.498 -2.46094 0 165.498 1069.93 
0 0 -11.6016 24.6094 20.918 0 0 0 -11.6016 24.6094 20.918 0 -3.03223 0 165.498 -3.03223 0 165.498 1083.71 
0 0 -11.6016 24.6533 21.0059 0 0 0 -11.6016 24.6533 21.0059 0 -3.60352 0 165.454 -3.60352 0 165.454 1097.69 
0 0 -11.6016 24.6973 21.1816 0 0 0 -11.6016 24.6973 21.1816 0 -4.21875 0 165.41 -4.21875 0 165.41 1111.53 
0 0 -11.6016 24.6533 21.2695 0 0 0 -11.6016 24.6533 21.2695 0 -4.83398 0 165.322 -4.83398 0 165.322 1125.77 
0 0 -11.6895 24.6973 21.3574 0 0 0 -11.6895 24.6973 21.3574 0 -5.49316 0 165.19 -5.49316 0 165.19 1139.55 
0 0 -11.6455 24.6973 21.3574 0 0 0 -11.6455 24.6973 21.3574 0 -6.15234 0 165.059 -6.15234 0 165.059 1154.98 
0 0 -11.6895 24.6533 21.3574 0 0 0 -11.6895 24.6533 21.3574 0 -6.94336 0 164.883 -6.94336 0 164.883 1171.91 
0 0 -11.7334 24.6533 21.5332 0 0 0 -11.7334 24.6533 21.5332 0 -7.73438 0 164.619 -7.73438 0 164.619 1185.77 
0 0 -11.7773 24.6533 21.5332 0 0 0 -11.7773 24.6533 21.5332 0 -8.34961 0 164.399 -8.34961 0 164.399 1199.61 
0 0 -11.8213 24.6533 21.5332 0 0 0 -11.8213 24.6533 21.5332 0 -9.00879 0 164.136 -9.00879 0 164.136 1213.67 
0 0 -11.8652 24.6973 21.6211 0 0 0 -11.8652 24.6973 21.6211 0 -9.66797 0 163.828 -9.66797 0 163.828 1227.66 
0 0 -11.8652 24.6973 21.6211 0 0 0 -11.8652 24.6973 21.6211 0 -10.415 0 163.608 -10.415 0 163.608 1241.55 
0 0 -11.9092 24.6973 21.6211 0 0 0 -11.9092 24.6973 21.6211 0 -11.1182 0 163.345 -11.1182 0 163.345 1255.54 
0 0 -11.9092 24.6973 21.6211 0 0 0 -11.9092 24.6973 21.6211 0 -11.7334 0 163.125 -11.7334 0 163.125 1269.46 
0 0 -11.9092 24.6973 21.6211 0 0 0 -11.9092 24.6973 21.6211 0 -12.3047 0 162.861 -12.3047 0 162.861 1283.5 
0 0 -11.8652 24.6973 21.6211 0 0 0 -11.8652 24.6973 21.6211 0 -12.9199 0 162.642 -12.9199 0 162.642 1297.54 
0 0 -11.8652 24.6973 21.6211 0 0 0 -11.8652 24.6973 21.6211 0 -13.5791 0 162.422 -13.5791 0 162.422 1311.63 
0 0 -11.8652 24.6973 21.6211 0 0 0 -11.8652 24.6973 21.6211 0 -14.1504 0 162.246 -14.1504 0 162.246 1325.59 
0 0 -11.8652 24.6973 21.6211 0 0 0 -11.8652 24.6973 21.6211 0 -14.7217 0 162.07 -14.7217 0 162.07 1339.44 
0 0 -11.8652 24.6973 21.6211 0 0 0 -11.8652 24.6973 21.6211 0 -15.249 0 161.895 -15.249 0 161.895 1353.44 
0 0 -11.8652 24.6973 21.709 0 0 0 -11.8652 24.6973 21.709 0 -15.7764 0 161.719 -15.7764 0 161.719 1367.68 
0 0 -11.8652 24.6973 21.7969 0 0 0 -11.8652 24.6973 21.7969 0 -16.3477 0 161.499 -16.3477 0 161.499 1381.43 
0 0 -11.9531 24.6973 21.7969 0 0 0 -11.9531 24.6973 21.7969 0 -16.8311 0 161.323 -16.8311 0 161.323 1395.46 
0 0 -11.9092 24.6533 21.7969 0 0 0 -11.9092 24.6533 21.7969 0 -17.4023 0 161.191 -17.4023 0 161.191 1409.55 
0 0 -11.9531 24.6533 21.8848 0 0 0 -11.9531 24.6533 21.8848 0 -17.9736 0 161.016 -17.9736 0 161.016 1423.53 
0 0 -11.9971 24.5654 22.1484 0 0 0 -11.9971 24.5654 22.1484 0 -18.5449 0 160.884 -18.5449 0 160.884 1437.4 
0 0 -12.041 24.5654 22.3242 0 0 0 -12.041 24.5654 22.3242 0 -19.0723 0 160.708 -19.0723 0 160.708 1451.53 
0 0 -12.085 24.4775 22.5879 0 0 0 -12.085 24.4775 22.5879 0 -19.5996 0 160.488 -19.5996 0 160.488 1465.4 
0 0 -12.1289 24.4336 23.0273 0 0 0 -12.1289 24.4336 23.0273 0 -20.127 0 160.269 -20.127 0 160.269 1479.46 
0 0 -12.1729 24.4336 23.4668 0 0 0 -12.1729 24.4336 23.4668 0 -20.6543 0 160.005 -20.6543 0 160.005 1493.59 
0 0 -12.2168 24.3896 23.9941 0 0 0 -12.2168 24.3896 23.9941 0 -21.1816 0 159.873 -21.1816 0 159.873 1507.71 
0 0 -12.2168 24.3896 24.6094 0 0 0 -12.2168 24.3896 24.6094 0 -21.7529 0 159.609 -21.7529 0 159.609 1521.37 
0 0 -12.2168 24.3896 25.1367 0 0 0 -12.2168 24.3896 25.1367 0 -22.2803 0 159.434 -22.2803 0 159.434 1535.39 
0 0 -12.1729 24.4336 25.8398 0 0 0 -12.1729 24.4336 25.8398 0 -22.8516 0 159.126 -22.8516 0 159.126 1549.35 
0 0 -12.1289 24.4775 26.3672 0 0 0 -12.1289 24.4775 26.3672 0 -23.4229 0 158.906 -23.4229 0 158.906 1563.36 
0 0 -12.2168 24.4775 26.8066 0 0 0 -12.2168 24.4775 26.8066 0 -23.9941 0 158.555 -23.9941 0 158.555 1577.4 
0 0 -12.2168 24.5654 27.1582 0 0 0 -12.2168 24.5654 27.1582 0 -24.6533 0 158.291 -24.6533 0 158.291 1591.44 
0 0 -12.2607 24.6973 27.7734 0 0 0 -12.2607 24.6973 27.7734 0 -25.2686 0 158.027 -25.2686 0 158.027 1605.34 
0 0 -12.3047 24.7412 28.3887 0 0 0 -12.3047 24.7412 28.3887 0 -25.8398 0 157.72 -25.8398 0 157.72 1619.48 
0 0 -12.3486 24.7852 29.1797 0 0 0 -12.3486 24.7852 29.1797 0 -26.3672 0 157.368 -26.3672 0 157.368 1633.77 
0 0 -12.3926 24.873 29.7949 0 0 0 -12.3926 24.873 29.7949 0 -26.8945 0 157.017 -26.8945 0 157.017 1647.82 
0 0 -12.4365 24.917 30.3223 0 0 0 -12.4365 24.917 30.3223 0 -27.4219 0 156.665 -27.4219 0 156.665 1661.35 
0 0 -12.5244 24.917 31.0254 0 0 0 -12.5244 24.917 31.0254 0 -27.9053 0 156.313 -27.9053 0 156.313 1675.38 
0 0 -12.5684 24.9609 31.5527 0 0 0 -12.5684 24.9609 31.5527 0 -28.4326 0 155.962 -28.4326 0 155.962 1689.39 
0 0 -12.6562 24.917 32.3438 0 0 0 -12.6562 24.917 32.3438 0 -28.8281 0 155.522 -28.8281 0 155.522 1703.48 
0 0 -12.832 24.917 33.0469 0 0 0 -12.832 24.917 33.0469 0 -29.3555 0 155.083 -29.3555 0 155.083 1717.28 
0 0 -12.9639 24.873 33.8379 0 0 0 -12.9639 24.873 33.8379 0 -29.9268 0 154.688 -29.9268 0 154.688 1731.39 
0 0 -13.1396 24.7412 34.7168 0 0 0 -13.1396 24.7412 34.7168 0 -30.4541 0 154.116 -30.4541 0 154.116 1745.4 
0 0 -13.3154 24.7412 35.6836 0 0 0 -13.3154 24.7412 35.6836 0 -30.9814 0 153.545 -30.9814 0 153.545 1759.29 
0 0 -13.4473 24.6973 36.8262 0 0 0 -13.4473 24.6973 36.8262 0 -31.5527 0 152.974 -31.5527 0 152.974 1773.38 
0 0 -13.623 24.7412 37.793 0 0 0 -13.623 24.7412 37.793 0 -32.2119 0 152.402 -32.2119 0 152.402 1789.74 
0 0 -13.7549 24.7852 38.9355 0 0 0 -13.7549 24.7852 38.9355 0 -32.7832 0 151.611 -32.7832 0 151.611 1803.3 
0 0 -13.8867 24.7852 39.9023 0 0 0 -13.8867 24.7852 39.9023 0 -33.3545 0 150.952 -33.3545 0 150.952 1817.3 
0 0 -13.9307 24.8291 41.0449 0 0 0 -13.9307 24.8291 41.0449 0 -33.75 0 150.205 -33.75 0 150.205 1831.3 
0 0 -13.9746 24.917 42.1875 0 0 0 -13.9746 24.917 42.1875 0 -34.2773 0 149.458 -34.2773 0 149.458 1845.27 
0 0 -14.0625 25.0049 43.0664 0 0 0 -14.0625 25.0049 43.0664 0 -34.7607 0 148.711 -34.7607 0 148.711 1859.3 
0 0 -14.0625 25.0488 43.9453 0 0 0 -14.0625 25.0488 43.9453 0 -35.1562 0 148.008 -35.1562 0 148.008 1873.38 
0 0 -14.1064 25.1367 44.9121 0 0 0 -14.1064 25.1367 44.9121 0 -35.6396 0 147.217 -35.6396 0 147.217 1887.27 
0 0 -14.0186 25.2246 45.8789 0 0 0 -14.0186 25.2246 45.8789 0 -35.9033 0 146.47 -35.9033 0 146.47 1901.4 
0 0 -14.0625 25.3564 46.9336 0 0 0 -14.0625 25.3564 46.9336 0 -36.123 0 145.635 -36.123 0 145.635 1915.36 
0 0 -14.0625 25.3125 47.8125 0 0 0 -14.0625 25.3125 47.8125 0 -36.4307 0 144.756 -36.4307 0 144.756 1929.56 
0 0 -14.0625 25.3564 48.9551 0 0 0 -14.0625 25.3564 48.9551 0 -36.6504 0 143.789 -36.6504 0 143.789 1943.92 
0 0 -14.0625 25.4004 50.0977 0 0 0 -14.0625 25.4004 50.0977 0 -36.8701 0 142.866 -36.8701 0 142.866 1958.3 
0 0 -14.0186 25.4443 51.1523 0 0 0 -14.0186 25.4443 51.1523 0 -36.958 0 141.987 -36.958 0 141.987 1972.61 
0 0 -14.0625 25.4883 52.4707 0 0 0 -14.0625 25.4883 52.4707 0 -37.002 0 141.064 -37.002 0 141.064 1986.24 
0 0 -14.1064 25.4883 53.5254 0 0 0 -14.1064 25.4883 53.5254 0 -37.0459 0 140.142 -37.0459 0 140.142 2000.27 
0 0 -14.1064 25.5762 54.8438 0 0 0 -14.1064 25.5762 54.8438 0 -37.0898 0 139.263 -37.0898 0 139.263 2014.19 
0 0 -14.1064 25.5762 56.3379 0 0 0 -14.1064 25.5762 56.3379 0 -37.0898 0 138.34 -37.0898 0 138.34 2028.32 
0 0 -14.1504 25.5322 57.4805 0 0 0 -14.1504 25.5322 57.4805 0 -37.0898 0 137.549 -37.0898 0 137.549 2042.28 
0 0 -14.1943 25.5322 58.9746 0 0 0 -14.1943 25.5322 58.9746 0 -37.0898 0 136.802 -37.0898 0 136.802 2056.26 
0 0 -14.2383 25.6201 60.4688 0 0 0 -14.2383 25.6201 60.4688 0 -37.0898 0 136.143 -37.0898 0 136.143 2070.48 
0 0 -14.3262 25.5762 61.9629 0 0 0 -14.3262 25.5762 61.9629 0 -37.0898 0 135.527 -37.0898 0 135.527 2087.65 
0 0 -14.3701 25.5762 63.7207 0 0 0 -14.3701 25.5762 63.7207 0 -37.0898 0 134.956 -37.0898 0 134.956 2101.37 
0 0 -14.4141 25.5322 65.3906 0 0 0 -14.4141 25.5322 65.3906 0 -37.0898 0 134.604 -37.0898 0 134.604 2115.25 
0 0 -14.458 25.4883 66.8848 0 0 0 -14.458 25.4883 66.8848 0 -37.0898 0 134.341 -37.0898 0 134.341 2129.28 
0 0 -14.4141 25.5322 68.6426 0 0 0 -14.4141 25.5322 68.6426 0 -37.0898 0 134.209 -37.0898 0 134.209 2145.65 
0 0 -14.4141 25.5322 70.8398 0 0 0 -14.4141 25.5322 70.8398 0 -37.0898 0 134.121 -37.0898 0 134.121 2160.97 
0 0 -14.3701 25.5322 72.7734 0 0 0 -14.3701 25.5322 72.7734 0 -37.0898 0 134.033 -37.0898 0 134.033 2175.22 
0 0 -14.3262 25.5322 74.6191 0 0 0 -14.3262 25.5322 74.6191 0 -37.0898 0 133.989 -37.0898 0 133.989 2189.28 
0 0 -14.1943 25.5322 76.4648 0 0 0 -14.1943 25.5322 76.4648 0 -37.0898 0 133.945 -37.0898 0 133.945 2203.25 
0 0 -14.1943 25.4883 78.3984 0 0 0 -14.1943 25.4883 78.3984 0 -37.0898 0 133.945 -37.0898 0 133.945 2217.23 
0 0 -14.1064 25.5762 80.332 0 0 0 -14.1064 25.5762 80.332 0 -37.0898 0 133.945 -37.0898 0 133.945 2231.27 
0 0 -14.0186 25.4883 82.0898 0 0 0 -14.0186 25.4883 82.0898 0 -37.0898 0 133.945 -37.0898 0 133.945 2245.22 
0 0 -13.9307 25.5322 83.7598 0 0 0 -13.9307 25.5322 83.7598 0 -37.0898 0 133.989 -37.0898 0 133.989 2259.18 
0 0 -13.8428 25.5322 85.3418 0 0 0 -13.8428 25.5322 85.3418 0 -37.0898 0 134.077 -37.0898 0 134.077 2273.39 
0 0 -13.7549 25.5322 87.0117 0 0 0 -13.7549 25.5322 87.0117 0 -37.0898 0 134.077 -37.0898 0 134.077 2287.16 
0 0 -13.667 25.4883 88.5938 0 0 0 -13.667 25.4883 88.5938 0 -37.0898 0 134.077 -37.0898 0 134.077 2301.27 
0 0 -13.4912 25.4883 90.1758 0 0 0 -13.4912 25.4883 90.1758 0 -37.0898 0 134.077 -37.0898 0 134.077 2315.43 
0 0 -13.3594 25.4443 91.6699 0 0 0 -13.3594 25.4443 91.6699 0 -37.0898 0 134.121 -37.0898 0 134.121 2329.14 
0 0 -13.2715 25.4443 93.1641 0 0 0 -13.2715 25.4443 93.1641 0 -37.0898 0 134.121 -37.0898 0 134.121 2343.08 
0 0 -13.1396 25.3564 94.4824 0 0 0 -13.1396 25.3564 94.4824 0 -37.0898 0 134.121 -37.0898 0 134.121 2357.49 
0 0 -12.9639 25.4443 95.8008 0 0 0 -12.9639 25.4443 95.8008 0 -37.0898 0 134.121 -37.0898 0 134.121 2371.09 
0 0 -12.876 25.4004 96.9434 0 0 0 -12.876 25.4004 96.9434 0 -37.0898 0 134.121 -37.0898 0 134.121 2385.22 
0 0 -12.7002 25.3564 97.5586 0 0 0 -12.7002 25.3564 97.5586 0 -37.0898 0 134.077 -37.0898 0 134.077 2399.37 
0 0 -12.6123 25.3564 97.5586 0 0 0 -12.6123 25.3564 97.5586 0 -37.0898 0 134.121 -37.0898 0 134.121 2413.08 
0 0 -12.4805 25.2246 97.2949 0 0 0 -12.4805 25.2246 97.2949 0 -37.0898 0 134.121 -37.0898 0 134.121 2427.3 
0 0 -12.3047 25.0488 97.1191 0 0 0 -12.3047 25.0488 97.1191 0 -37.0898 0 134.077 -37.0898 0 134.077 2441.1 
0 0 -12.085 24.9609 97.1191 0 0 0 -12.085 24.9609 97.1191 0 -37.0898 0 134.077 -37.0898 0 134.077 2455.05 
0 0 -11.7773 24.873 96.9434 0 0 0 -11.7773 24.873 96.9434 0 -37.0459 0 134.077 -37.0459 0 134.077 2469.04 
0 0 -11.5576 24.8291 96.9434 0 0 0 -11.5576 24.8291 96.9434 0 -37.0898 0 134.077 -37.0898 0 134.077 2483.31 
0 0 -11.2939 24.8291 96.9434 0 0 0 -11.2939 24.8291 96.9434 0 -37.0898 0 134.077 -37.0898 0 134.077 2497.21 
0 0 -10.9863 24.7852 97.0312 0 0 0 -10.9863 24.7852 97.0312 0 -37.0898 0 134.033 -37.0898 0 134.033 2511.04 
0 0 -10.8105 24.7852 97.1191 0 0 0 -10.8105 24.7852 97.1191 0 -37.0898 0 134.033 -37.0898 0 134.033 2525.14 
0 0 -10.5469 24.7412 97.2949 0 0 0 -10.5469 24.7412 97.2949 0 -37.0459 0 134.033 -37.0459 0 134.033 2539.15 
0 0 -10.415 24.6973 97.4707 0 0 0 -10.415 24.6973 97.4707 0 -37.0898 0 133.945 -37.0898 0 133.945 2553.12 
0 0 -10.2393 24.7412 97.6465 0 0 0 -10.2393 24.7412 97.6465 0 -37.0898 0 133.989 -37.0898 0 133.989 2567.02 
0 0 -10.1074 24.6533 97.6465 0 0 0 -10.1074 24.6533 97.6465 0 -37.0898 0 133.945 -37.0898 0 133.945 2581.03 
0 0 -10.1514 24.4336 97.5586 0 0 0 -10.1514 24.4336 97.5586 0 -37.0898 0 133.945 -37.0898 0 133.945 2595.11 
0 0 -10.1514 24.3018 97.5586 0 0 0 -10.1514 24.3018 97.5586 0 -37.0898 0 133.901 -37.0898 0 133.901 2609.05 
0 0 -10.1514 24.1699 97.5586 0 0 0 -10.1514 24.1699 97.5586 0 -37.0898 0 133.901 -37.0898 0 133.901 2623.13 
0 0 -10.1953 23.9502 97.5586 0 0 0 -10.1953 23.9502 97.5586 0 -37.0898 0 133.901 -37.0898 0 133.901 2637.1 
0 0 -10.2393 23.7305 97.5586 0 0 0 -10.2393 23.7305 97.5586 0 -37.0898 0 133.857 -37.0898 0 133.857 2651.29 
0 0 -10.3271 23.3789 97.5586 0 0 0 -10.3271 23.3789 97.5586 0 -37.0898 0 133.857 -37.0898 0 133.857 2665.5 
0 0 -10.415 23.0273 97.4707 0 0 0 -10.415 23.0273 97.4707 0 -37.0898 0 133.857 -37.0898 0 133.857 2679.03 
0 0 -10.5469 22.6758 97.5586 0 0 0 -10.5469 22.6758 97.5586 0 -37.0898 0 133.857 -37.0898 0 133.857 2693 
0 0 -10.6787 22.1924 97.5586 0 0 0 -10.6787 22.1924 97.5586 0 -37.0898 0 133.857 -37.0898 0 133.857 2707.17 
0 0 -10.8545 21.665 97.4707 0 0 0 -10.8545 21.665 97.4707 0 -37.0898 0 133.857 -37.0898 0 133.857 2721.02 
0 0 -10.9863 21.0938 97.4707 0 0 0 -10.9863 21.0938 97.4707 0 -37.0898 0 133.813 -37.0898 0 133.813 2735.01 
0 0 -11.2061 20.4785 97.5586 0 0 0 -11.2061 20.4785 97.5586 0 -37.0898 0 133.813 -37.0898 0 133.813 2748.95 
0 0 -11.4258 19.7754 97.4707 0 0 0 -11.4258 19.7754 97.4707 0 -37.0898 0 133.813 -37.0898 0 133.813 2763.04 
0 0 -11.6455 19.0283 97.4707 0 0 0 -11.6455 19.0283 97.4707 0 -37.0898 0 133.813 -37.0898 0 133.813 2777.11 
0 0 -11.8652 18.2373 97.4707 0 0 0 -11.8652 18.2373 97.4707 0 -37.0898 0 133.813 -37.0898 0 133.813 2791.01 
0 0 -12.2168 17.3584 97.3828 0 0 0 -12.2168 17.3584 97.3828 0 -37.0898 0 133.813 -37.0898 0 133.813 2804.97 
0 0 -12.4805 16.4355 97.3828 0 0 0 -12.4805 16.4355 97.3828 0 -37.0898 0 133.77 -37.0898 0 133.77 2818.93 
0 0 -12.832 15.4688 97.3828 0 0 0 -12.832 15.4688 97.3828 0 -37.0898 0 133.77 -37.0898 0 133.77 2832.95 
0 0 -13.2275 14.3701 97.3828 0 0 0 -13.2275 14.3701 97.3828 0 -37.0898 0 133.77 -37.0898 0 133.77 2847.02 
0 0 -13.5791 13.2275 97.3828 0 0 0 -13.5791 13.2275 97.3828 0 -37.0898 0 133.726 -37.0898 0 133.726 2860.92 
0 0 -13.9746 12.041 97.3828 0 0 0 -13.9746 12.041 97.3828 0 -37.0459 0 133.726 -37.0459 0 133.726 2875.01 
0 0 -14.3701 10.7666 97.3828 0 0 0 -14.3701 10.7666 97.3828 0 -37.0898 0 133.682 -37.0898 0 133.682 2888.91 
0 0 -14.8096 9.49219 97.3828 0 0 0 -14.8096 9.49219 97.3828 0 -37.0898 0 133.682 -37.0898 0 133.682 2903.02 
0 0 -15.2051 8.30566 97.2949 0 0 0 -15.2051 8.30566 97.2949 0 -37.0898 0 133.638 -37.0898 0 133.638 2916.93 
0 0 -15.6885 7.25098 97.207 0 0 0 -15.6885 7.25098 97.207 0 -37.0898 0 133.55 -37.0898 0 133.55 2930.92 
0 0 -16.1719 6.19629 96.8555 0 0 0 -16.1719 6.19629 96.8555 0 -37.0898 0 133.506 -37.0898 0 133.506 2944.89 
0 0 -16.6113 5.58105 96.416 0 0 0 -16.6113 5.58105 96.416 0 -37.0898 0 133.462 -37.0898 0 133.462 2959.03 
0 0 -16.9629 4.92188 95.8887 0 0 0 -16.9629 4.92188 95.8887 0 -37.0898 0 133.374 -37.0898 0 133.374 2972.9 
0 0 -17.2705 4.35059 95.7129 0 0 0 -17.2705 4.35059 95.7129 0 -37.0898 0 133.33 -37.0898 0 133.33 2986.86 
0 0 -17.5781 3.99902 95.4492 0 0 0 -17.5781 3.99902 95.4492 0 -37.0898 0 133.286 -37.0898 0 133.286 3001.41 
0 0 -17.8857 3.55957 95.0977 0 0 0 -17.8857 3.55957 95.0977 0 -37.0898 0 133.242 -37.0898 0 133.242 3014.85 
0 0 -18.0615 3.47168 95.0098 0 0 0 -18.0615 3.47168 95.0098 0 -37.0898 0 133.154 -37.0898 0 133.154 3028.98 
0 0 -18.1934 3.38379 95.0098 0 0 0 -18.1934 3.38379 95.0098 0 -37.0898 0 133.066 -37.0898 0 133.066 3042.86 
0 0 -18.2373 3.42773 95.0098 0 0 0 -18.2373 3.42773 95.0098 0 -37.0898 0 133.022 -37.0898 0 133.022 3056.9 
0 0 -18.3252 3.42773 95.0977 0 0 0 -18.3252 3.42773 95.0977 0 -37.0898 0 132.979 -37.0898 0 132.979 3070.83 
0 0 -18.3252 3.51562 95.0977 0 0 0 -18.3252 3.51562 95.0977 0 -37.0898 0 132.891 -37.0898 0 132.891 3085.08 
0 0 -18.3691 3.60352 95.1855 0 0 0 -18.3691 3.60352 95.1855 0 -37.0898 0 132.759 -37.0898 0 132.759 3098.95 
0 0 -18.4131 3.64746 95.3613 0 0 0 -18.4131 3.64746 95.3613 0 -37.0898 0 132.671 -37.0898 0 132.671 3112.85 
0 0 -18.5449 3.69141 95.4492 0 0 0 -18.5449 3.69141 95.4492 0 -37.0898 0 132.495 -37.0898 0 132.495 3126.82 
0 0 -18.6328 3.73535 95.4492 0 0 0 -18.6328 3.73535 95.4492 0 -37.0898 0 132.407 -37.0898 0 132.407 3140.9 
0 0 -18.7646 3.7793 95.4492 0 0 0 -18.7646 3.7793 95.4492 0 -37.0898 0 132.275 -37.0898 0 132.275 3155.01 
0 0 -18.8525 3.82324 95.4492 0 0 0 -18.8525 3.82324 95.4492 0 -37.0898 0 132.056 -37.0898 0 132.056 3169.22 
0 0 -18.9844 3.91113 95.5371 0 0 0 -18.9844 3.91113 95.5371 0 -37.0898 0 131.968 -37.0898 0 131.968 3183 
0 0 -19.1162 4.04297 95.5371 0 0 0 -19.1162 4.04297 95.5371 0 -37.0898 0 131.792 -37.0898 0 131.792 3196.87 
0 0 -19.2041 4.1748 95.625 0 0 0 -19.2041 4.1748 95.625 0 -37.0898 0 131.616 -37.0898 0 131.616 3210.8 
0 0 -19.3359 4.35059 95.625 0 0 0 -19.3359 4.35059 95.625 0 -37.0898 0 131.353 -37.0898 0 131.353 3225 
0 0 -19.4678 4.48242 95.7129 0 0 0 -19.4678 4.48242 95.7129 0 -37.0898 0 131.177 -37.0898 0 131.177 3238.8 
0 0 -19.5996 4.70215 95.7129 0 0 0 -19.5996 4.70215 95.7129 0 -37.0898 0 131.001 -37.0898 0 131.001 3252.87 
0 0 -19.7314 4.83398 95.8008 0 0 0 -19.7314 4.83398 95.8008 0 -37.0898 0 130.825 -37.0898 0 130.825 3266.83 
0 0 -19.8193 4.92188 95.8008 0 0 0 -19.8193 4.92188 95.8008 0 -37.0898 0 130.605 -37.0898 0 130.605 3280.78 
0 0 -19.9072 5.05371 95.8008 0 0 0 -19.9072 5.05371 95.8008 0 -37.002 0 130.43 -37.002 0 130.43 3295.06 
0 0 -19.9072 5.09766 95.8887 0 0 0 -19.9072 5.09766 95.8887 0 -36.958 0 130.254 -36.958 0 130.254 3308.9 
0 0 -19.9072 5.18555 95.8008 0 0 0 -19.9072 5.18555 95.8008 0 -36.958 0 130.078 -36.958 0 130.078 3322.84 
0 0 -19.9512 5.22949 95.8008 0 0 0 -19.9512 5.22949 95.8008 0 -36.8262 0 129.902 -36.8262 0 129.902 3338.13 
0 0 -19.9512 5.27344 95.8008 0 0 0 -19.9512 5.27344 95.8008 0 -36.7822 0 129.683 -36.7822 0 129.683 3353.29 
0 0 -19.8633 5.36133 95.7129 0 0 0 -19.8633 5.36133 95.7129 0 -36.8262 0 129.419 -36.8262 0 129.419 3367.82 
0 0 -19.8193 5.36133 95.7129 0 0 0 -19.8193 5.36133 95.7129 0 -36.7383 0 129.199 -36.7383 0 129.199 3381.92 
0 0 -19.7314 5.40527 95.625 0 0 0 -19.7314 5.40527 95.625 0 -36.6943 0 128.936 -36.6943 0 128.936 3395.71 
0 0 -19.5996 5.49316 95.625 0 0 0 -19.5996 5.49316 95.625 0 -36.6504 0 128.628 -36.6504 0 128.628 3409.7 
0 0 -19.4678 5.58105 95.5371 0 0 0 -19.4678 5.58105 95.5371 0 -36.5625 0 128.408 -36.5625 0 128.408 3423.86 
0 0 -19.292 5.66895 95.4492 0 0 0 -19.292 5.66895 95.4492 0 -36.3428 0 128.057 -36.3428 0 128.057 3437.8 
0 0 -19.2041 5.75684 95.3613 0 0 0 -19.2041 5.75684 95.3613 0 -36.0352 0 127.793 -36.0352 0 127.793 3451.79 
0 0 -19.0723 5.75684 95.2734 0 0 0 -19.0723 5.75684 95.2734 0 -35.7275 0 127.397 -35.7275 0 127.397 3465.68 
0 0 -18.9404 5.80078 95.1855 0 0 0 -18.9404 5.80078 95.1855 0 -35.2881 0 127.046 -35.2881 0 127.046 3479.69 
0 0 -18.8525 5.88867 95.0977 0 0 0 -18.8525 5.88867 95.0977 0 -34.8926 0 126.694 -34.8926 0 126.694 3493.72 
0 0 -18.7646 6.02051 94.9219 0 0 0 -18.7646 6.02051 94.9219 0 -34.4531 0 126.343 -34.4531 0 126.343 3507.65 
0 0 -18.6328 6.1084 94.834 0 0 0 -18.6328 6.1084 94.834 0 -33.9258 0 125.947 -33.9258 0 125.947 3521.77 
0 0 -18.457 6.24023 94.7461 0 0 0 -18.457 6.24023 94.7461 0 -33.3984 0 125.552 -33.3984 0 125.552 3535.8 
0 0 -18.3691 6.41602 94.6582 0 0 0 -18.3691 6.41602 94.6582 0 -32.7832 0 125.024 -32.7832 0 125.024 3549.81 
0 0 -18.2812 6.54785 94.4824 0 0 0 -18.2812 6.54785 94.4824 0 -32.168 0 124.541 -32.168 0 124.541 3563.89 
0 0 -18.1055 6.72363 94.3066 0 0 0 -18.1055 6.72363 94.3066 0 -31.5088 0 124.014 -31.5088 0 124.014 3577.7 
0 0 -18.0176 6.89941 94.2188 0 0 0 -18.0176 6.89941 94.2188 0 -30.8057 0 123.398 -30.8057 0 123.398 3591.8 
0 0 -17.8857 7.03125 93.9551 0 0 0 -17.8857 7.03125 93.9551 0 -30.1025 0 122.739 -30.1025 0 122.739 3606.2 
0 0 -17.7539 7.16309 93.7793 0 0 0 -17.7539 7.16309 93.7793 0 -29.3555 0 122.036 -29.3555 0 122.036 3619.67 
0 0 -17.5781 7.33887 93.6035 0 0 0 -17.5781 7.33887 93.6035 0 -28.6523 0 121.333 -28.6523 0 121.333 3633.73 
0 0 -17.4023 7.51465 93.4277 0 0 0 -17.4023 7.51465 93.4277 0 -27.8613 0 120.674 -27.8613 0 120.674 3647.87 
0 0 -17.2705 7.64648 93.1641 0 0 0 -17.2705 7.64648 93.1641 0 -26.9385 0 119.971 -26.9385 0 119.971 3661.99 
0 0 -17.0508 7.82227 92.9883 0 0 0 -17.0508 7.82227 92.9883 0 -26.1914 0 119.136 -26.1914 0 119.136 3675.73 
0 0 -16.875 7.99805 92.8125 0 0 0 -16.875 7.99805 92.8125 0 -25.4443 0 118.477 -25.4443 0 118.477 3689.62 
0 0 -16.7432 8.21777 92.6367 0 0 0 -16.7432 8.21777 92.6367 0 -24.6973 0 117.642 -24.6973 0 117.642 3703.81 
0 0 -16.6113 8.4375 92.5488 0 0 0 -16.6113 8.4375 92.5488 0 -23.9062 0 116.895 -23.9062 0 116.895 3717.64 
0 0 -16.4795 8.61328 92.4609 0 0 0 -16.4795 8.61328 92.4609 0 -23.0713 0 116.06 -23.0713 0 116.06 3731.7 
0 0 -16.3477 8.83301 92.2852 0 0 0 -16.3477 8.83301 92.2852 0 -22.2803 0 115.225 -22.2803 0 115.225 3745.6 
0 0 -16.1719 9.05273 92.1973 0 0 0 -16.1719 9.05273 92.1973 0 -21.5332 0 114.434 -21.5332 0 114.434 3760.07 
0 0 -16.04 9.27246 92.1973 0 0 0 -16.04 9.27246 92.1973 0 -20.7861 0 113.599 -20.7861 0 113.599 3773.72 
0 0 -15.9082 9.49219 92.1094 0 0 0 -15.9082 9.49219 92.1094 0 -20.127 0 112.896 -20.127 0 112.896 3787.64 
0 0 -15.7764 9.75586 92.1094 0 0 0 -15.7764 9.75586 92.1094 0 -19.4678 0 112.148 -19.4678 0 112.148 3801.73 
0 0 -15.6445 9.97559 92.1094 0 0 0 -15.6445 9.97559 92.1094 0 -18.8086 0 111.445 -18.8086 0 111.445 3815.63 
0 0 -15.5127 10.2393 92.1094 0 0 0 -15.5127 10.2393 92.1094 0 -18.2812 0 110.742 -18.2812 0 110.742 3829.68 
0 0 -15.249 10.5029 92.1094 0 0 0 -15.249 10.5029 92.1094 0 -17.6221 0 110.039 -17.6221 0 110.039 3843.68 
0 0 -15.0732 10.7666 92.1094 0 0 0 -15.0732 10.7666 92.1094 0 -17.0068 0 109.38 -17.0068 0 109.38 3857.54 
0 0 -14.8535 11.0303 92.1094 0 0 0 -14.8535 11.0303 92.1094 0 -16.3916 0 108.677 -16.3916 0 108.677 3871.59 
0 0 -14.6777 11.2939 92.1094 0 0 0 -14.6777 11.2939 92.1094 0 -15.7764 0 108.018 -15.7764 0 108.018 3885.77 
0 0 -14.458 11.5576 92.1094 0 0 0 -14.458 11.5576 92.1094 0 -15.0732 0 107.271 -15.0732 0 107.271 3899.59 
0 0 -14.1943 11.8652 92.0215 0 0 0 -14.1943 11.8652 92.0215 0 -14.4141 0 106.523 -14.4141 0 106.523 3913.56 
0 0 -13.9746 12.1729 92.0215 0 0 0 -13.9746 12.1729 92.0215 0 -13.7988 0 105.864 -13.7988 0 105.864 3927.55 
0 0 -13.667 12.4805 91.9336 0 0 0 -13.667 12.4805 91.9336 0 -13.1836 0 105.117 -13.1836 0 105.117 3941.63 
0 0 -13.3594 12.7441 91.8457 0 0 0 -13.3594 12.7441 91.8457 0 -12.5244 0 104.414 -12.5244 0 104.414 3955.53 
0 0 -13.0518 13.0518 91.7578 0 0 0 -13.0518 13.0518 91.7578 0 -11.9531 0 103.711 -11.9531 0 103.711 3969.59 
0 0 -12.832 13.3594 91.6699 0 0 0 -12.832 13.3594 91.6699 0 -11.3379 0 103.008 -11.3379 0 103.008 3983.5 
0 0 -12.5244 13.5791 91.6699 0 0 0 -12.5244 13.5791 91.6699 0 -10.7227 0 102.261 -10.7227 0 102.261 3997.49 
0 0 -12.2607 13.9307 91.582 0 0 0 -12.2607 13.9307 91.582 0 -10.0635 0 101.47 -10.0635 0 101.47 4011.48 
0 0 -11.9531 14.1943 91.4941 0 0 0 -11.9531 14.1943 91.4941 0 -9.31641 0 100.679 -9.31641 0 100.679 4025.49 
0 0 -11.6016 14.5459 91.4062 0 0 0 -11.6016 14.5459 91.4062 0 -8.56934 0 99.7998 -8.56934 0 99.7998 4039.46 
0 0 -11.2939 14.8975 91.3184 0 0 0 -11.2939 14.8975 91.3184 0 -7.86621 0 98.9209 -7.86621 0 98.9209 4053.47 
0 0 -10.9863 15.249 91.0547 0 0 0 -10.9863 15.249 91.0547 0 -7.0752 0 97.9102 -7.0752 0 97.9102 4067.52 
0 0 -10.6348 15.6006 90.8789 0 0 0 -10.6348 15.6006 90.8789 0 -6.28418 0 96.9434 -6.28418 0 96.9434 4081.49 
0 0 -10.3271 15.9521 90.7031 0 0 0 -10.3271 15.9521 90.7031 0 -5.36133 0 95.9326 -5.36133 0 95.9326 4095.83 
0 0 -10.0195 16.2598 90.4395 0 0 0 -10.0195 16.2598 90.4395 0 -4.57031 0 94.9658 -4.57031 0 94.9658 4109.52 
0 0 -9.66797 16.6113 90.2637 0 0 0 -9.66797 16.6113 90.2637 0 -3.86719 0 93.9551 -3.86719 0 93.9551 4123.86 
0 0 -9.4043 16.875 90.0879 0 0 0 -9.4043 16.875 90.0879 0 -3.12012 0 92.9883 -3.12012 0 92.9883 4137.56 
0 0 -9.00879 17.1826 89.9121 0 0 0 -9.00879 17.1826 89.9121 0 -2.46094 0 92.1094 -2.46094 0 92.1094 4151.47 
0 0 -8.74512 17.5342 89.5605 0 0 0 -8.74512 17.5342 89.5605 0 -1.80176 0 91.2744 -1.80176 0 91.2744 4166.74 
0 0 -8.34961 17.8418 89.4727 0 0 0 -8.34961 17.8418 89.4727 0 -1.01074 0 90.3076 -1.01074 0 90.3076 4181.17 
0 0 -8.04199 18.1494 89.209 0 0 0 -8.04199 18.1494 89.209 0 -0.351562 0 89.4287 -0.351562 0 89.4287 4195.62 
0 0 -7.64648 18.501 88.9453 0 0 0 -7.64648 18.501 88.9453 0 0.351562 0 88.5498 0.351562 0 88.5498 4209.4 
0 0 -7.25098 18.8086 88.7695 0 0 0 -7.25098 18.8086 88.7695 0 0.966797 0 87.8467 0.966797 0 87.8467 4223.72 
0 0 -6.85547 19.1162 88.418 0 0 0 -6.85547 19.1162 88.418 0 1.58203 0 86.8799 1.58203 0 86.8799 4238.87 
0 0 -6.37207 19.5117 88.1543 0 0 0 -6.37207 19.5117 88.1543 0 2.3291 0 85.957 2.3291 0 85.957 4252.42 
0 0 -5.93262 19.8193 87.8906 0 0 0 -5.93262 19.8193 87.8906 0 2.94434 0 85.0781 2.94434 0 85.0781 4266.39 
0 0 -5.49316 20.1709 87.627 0 0 0 -5.49316 20.1709 87.627 0 3.64746 0 84.1992 3.64746 0 84.1992 4280.44 
0 0 -5.05371 20.6543 87.4512 0 0 0 -5.05371 20.6543 87.4512 0 4.43848 0 83.3203 4.43848 0 83.3203 4294.5 
0 0 -4.6582 21.0938 87.1875 0 0 0 -4.6582 21.0938 87.1875 0 5.18555 0 82.3975 5.18555 0 82.3975 4308.49 
0 0 -4.21875 21.5332 87.0117 0 0 0 -4.21875 21.5332 87.0117 0 5.88867 0 81.5186 5.88867 0 81.5186 4322.36 
0 0 -3.69141 22.0166 86.748 0 0 0 -3.69141 22.0166 86.748 0 6.63574 0 80.5957 6.63574 0 80.5957 4336.38 
0 0 -3.16406 22.6318 86.5723 0 0 0 -3.16406 22.6318 86.5723 0 7.38281 0 79.585 7.38281 0 79.585 4350.35 
0 0 -2.63672 23.2031 86.3965 0 0 0 -2.63672 23.2031 86.3965 0 8.12988 0 78.5742 8.12988 0 78.5742 4364.5 
0 0 -2.02148 23.7305 86.3086 0 0 0 -2.02148 23.7305 86.3086 0 8.87695 0 77.5195 8.87695 0 77.5195 4378.4 
0 0 -1.49414 24.3896 86.1328 0 0 0 -1.49414 24.3896 86.1328 0 9.66797 0 76.5967 9.66797 0 76.5967 4392.34 
0 0 -0.878906 25.0049 85.957 0 0 0 -0.878906 25.0049 85.957 0 10.5029 0 75.498 10.5029 0 75.498 4406.4 
0 0 -0.307617 25.708 85.8691 0 0 0 -0.307617 25.708 85.8691 0 11.3379 0 74.4873 11.3379 0 74.4873 4420.32 
0 0 0.307617 26.499 85.7812 0 0 0 0.307617 26.499 85.7812 0 12.1729 0 73.4326 12.1729 0 73.4326 4434.36 
0 0 0.966797 27.2461 85.6934 0 0 0 0.966797 27.2461 85.6934 0 12.9639 0 72.3779 12.9639 0 72.3779 4448.3 
0 0 1.58203 28.0811 85.6934 0 0 0 1.58203 28.0811 85.6934 0 13.7109 0 71.2793 13.7109 0 71.2793 4462.51 
0 0 2.19727 28.916 85.6934 0 0 0 2.19727 28.916 85.6934 0 14.5459 0 70.2246 14.5459 0 70.2246 4476.43 
0 0 2.85645 29.7949 85.6055 0 0 0 2.85645 29.7949 85.6055 0 15.4688 0 69.126 15.4688 0 69.126 4490.42 
0 0 3.47168 30.7617 85.6934 0 0 0 3.47168 30.7617 85.6934 0 16.3037 0 68.0713 16.3037 0 68.0713 4504.31 
0 0 4.13086 31.7285 85.7812 0 0 0 4.13086 31.7285 85.7812 0 17.0068 0 66.9727 17.0068 0 66.9727 4518.46 
0 0 4.83398 32.6953 85.8691 0 0 0 4.83398 32.6953 85.8691 0 17.8857 0 65.8301 17.8857 0 65.8301 4532.44 
0 0 5.49316 33.7061 86.0449 0 0 0 5.49316 33.7061 86.0449 0 18.7207 0 64.6875 18.7207 0 64.6875 4546.27 
0 0 6.24023 34.7607 86.2207 0 0 0 6.24023 34.7607 86.2207 0 19.5996 0 63.5889 19.5996 0 63.5889 4560.31 
0 0 6.94336 35.9473 86.3086 0 0 0 6.94336 35.9473 86.3086 0 20.4346 0 62.4463 20.4346 0 62.4463 4574.3 
0 0 7.64648 37.0459 86.4844 0 0 0 7.64648 37.0459 86.4844 0 21.3135 0 61.3037 21.3135 0 61.3037 4588.56 
0 0 8.39355 38.2764 86.6602 0 0 0 8.39355 38.2764 86.6602 0 22.2363 0 60.0732 22.2363 0 60.0732 4602.39 
0 0 9.09668 39.5068 86.9238 0 0 0 9.09668 39.5068 86.9238 0 23.0713 0 58.9746 23.0713 0 58.9746 4616.2 
0 0 9.93164 40.8252 87.2754 0 0 0 9.93164 40.8252 87.2754 0 23.8623 0 57.7881 23.8623 0 57.7881 4630.24 
0 0 10.7227 42.1875 87.627 0 0 0 10.7227 42.1875 87.627 0 24.7412 0 56.6455 24.7412 0 56.6455 4644.38 
0 0 11.4697 43.5938 88.0664 0 0 0 11.4697 43.5938 88.0664 0 25.6641 0 55.5469 25.6641 0 55.5469 4658.24 
0 0 12.1729 45.0439 88.3301 0 0 0 12.1729 45.0439 88.3301 0 26.499 0 54.3604 26.499 0 54.3604 4672.83 
0 0 12.9199 46.626 88.7695 0 0 0 12.9199 46.626 88.7695 0 27.4219 0 53.1299 27.4219 0 53.1299 4686.98 
0 0 13.623 48.208 89.209 0 0 0 13.623 48.208 89.209 0 28.3447 0 51.8555 28.3447 0 51.8555 4701.46 
0 0 14.458 49.9219 89.7363 0 0 0 14.458 49.9219 89.7363 0 29.3115 0 50.4492 29.3115 0 50.4492 4715.28 
0 0 15.2051 51.5918 90.2637 0 0 0 15.2051 51.5918 90.2637 0 30.2344 0 49.043 30.2344 0 49.043 4729.23 
0 0 15.9961 53.3057 90.9668 0 0 0 15.9961 53.3057 90.9668 0 31.2012 0 47.6367 31.2012 0 47.6367 4743.28 
0 0 16.8311 55.0635 91.4941 0 0 0 16.8311 55.0635 91.4941 0 32.2119 0 46.2305 32.2119 0 46.2305 4757.3 
0 0 17.5342 56.8213 92.1094 0 0 0 17.5342 56.8213 92.1094 0 33.3105 0 44.8242 33.3105 0 44.8242 4771.17 
0 0 18.3691 58.623 92.7246 0 0 0 18.3691 58.623 92.7246 0 34.4092 0 43.3301 34.4092 0 43.3301 4785.15 
0 0 19.1162 60.6006 93.3398 0 0 0 19.1162 60.6006 93.3398 0 35.5078 0 41.7041 35.5078 0 41.7041 4799.48 
0 0 19.9512 62.5342 93.9551 0 0 0 19.9512 62.5342 93.9551 0 36.7383 0 39.9902 36.7383 0 39.9902 4813.21 
0 0 20.7422 64.3359 94.5703 0 0 0 20.7422 64.3359 94.5703 0 37.749 0 38.3203 37.749 0 38.3203 4827.14 
0 0 21.5771 66.0498 95.2734 0 0 0 21.5771 66.0498 95.2734 0 38.9795 0 36.6943 38.9795 0 36.6943 4841.14 
0 0 22.3682 67.5879 95.7129 0 0 0 22.3682 67.5879 95.7129 0 40.3418 0 34.9365 40.3418 0 34.9365 4855.15 
0 0 23.2031 68.9502 95.8887 0 0 0 23.2031 68.9502 95.8887 0 41.792 0 32.8711 41.792 0 32.8711 4869.26 
0 0 24.0381 70.3125 96.2402 0 0 0 24.0381 70.3125 96.2402 0 43.1982 0 30.7617 43.1982 0 30.7617 4883.14 
0 0 24.9609 71.499 96.416 0 0 0 24.9609 71.499 96.416 0 44.7803 0 28.6084 44.7803 0 28.6084 4897.17 
0 0 25.9277 72.3779 96.5039 0 0 0 25.9277 72.3779 96.5039 0 46.3184 0 26.3672 46.3184 0 26.3672 4911.15 
0 0 26.8066 73.3447 96.5918 0 0 0 26.8066 73.3447 96.5918 0 47.9883 0 23.9941 47.9883 0 23.9941 4925.22 
0 0 27.7295 74.2676 96.6797 0 0 0 27.7295 74.2676 96.6797 0 49.5703 0 21.6211 49.5703 0 21.6211 4939.15 
0 0 28.5645 75.0146 96.7676 0 0 0 28.5645 75.0146 96.7676 0 51.1523 0 19.3359 51.1523 0 19.3359 4953.18 
0 0 29.3115 75.6738 96.9434 0 0 0 29.3115 75.6738 96.9434 0 52.7344 0 17.0508 52.7344 0 17.0508 4967.08 
0 0 30.0146 76.4209 96.9434 0 0 0 30.0146 76.4209 96.9434 0 54.3164 0 14.6338 54.3164 0 14.6338 4981.1 
0 0 30.7178 77.0801 96.9434 0 0 0 30.7178 77.0801 96.9434 0 55.8545 0 12.3926 55.8545 0 12.3926 4995.5 
0 0 31.4648 77.7393 97.0312 0 0 0 31.4648 77.7393 97.0312 0 57.4805 0 9.97559 57.4805 0 9.97559 5009.5 
0 0 32.168 78.3984 97.0312 0 0 0 32.168 78.3984 97.0312 0 59.0186 0 7.91016 59.0186 0 7.91016 5023.27 
0 0 32.8711 79.0576 97.0312 0 0 0 32.8711 79.0576 97.0312 0 60.3809 0 6.06445 60.3809 0 6.06445 5037.17 
0 0 33.5742 79.6729 97.1191 0 0 0 33.5742 79.6729 97.1191 0 61.6992 0 4.2627 61.6992 0 4.2627 5051.19 
0 0 34.2334 80.2441 97.1191 0 0 0 34.2334 80.2441 97.1191 0 62.9736 0 2.59277 62.9736 0 2.59277 5065.9 
0 0 35.0684 80.8594 97.1191 0 0 0 35.0684 80.8594 97.1191 0 64.3799 0 1.09863 64.3799 0 1.09863 5080.34 
0 0 35.7715 81.3428 97.1191 0 0 0 35.7715 81.3428 97.1191 0 65.4785 0 0.131836 65.4785 0 0.131836 5094.04 
0 0 36.4307 81.8701 97.0312 0 0 0 36.4307 81.8701 97.0312 0 66.4893 0 -0.483398 66.4893 0 -0.483398 5108.06 
0 0 37.1338 82.3535 97.1191 0 0 0 37.1338 82.3535 97.1191 0 67.3242 0 -0.966797 67.3242 0 -0.966797 5122.04 
0 0 37.793 82.8809 97.0312 0 0 0 37.793 82.8809 97.0312 0 68.1592 0 -1.18652 68.1592 0 -1.18652 5136.07 
0 0 38.4961 83.4082 97.0312 0 0 0 38.4961 83.4082 97.0312 0 68.7744 0 -1.18652 68.7744 0 -1.18652 5150.21 
0 0 39.1553 83.9795 97.0312 0 0 0 39.1553 83.9795 97.0312 0 69.2578 0 -1.01074 69.2578 0 -1.01074 5164.28 
0 0 39.8584 84.6387 97.0312 0 0 0 39.8584 84.6387 97.0312 0 69.6533 0 -0.834961 69.6533 0 -0.834961 5178.08 
0 0 40.5615 85.2539 97.0312 0 0 0 40.5615 85.2539 97.0312 0 70.0049 0 -0.65918 70.0049 0 -0.65918 5192.44 
0 0 41.3086 85.957 97.0312 0 0 0 41.3086 85.957 97.0312 0 70.3125 0 -0.571289 70.3125 0 -0.571289 5206.07 
0 0 42.0117 86.6162 97.0312 0 0 0 42.0117 86.6162 97.0312 0 70.4443 0 -0.571289 70.4443 0 -0.571289 5220.21 
0 0 42.8467 87.3193 97.0312 0 0 0 42.8467 87.3193 97.0312 0 70.5762 0 -0.615234 70.5762 0 -0.615234 5234.12 
0 0 43.6377 87.9785 97.0312 0 0 0 43.6377 87.9785 97.0312 0 70.708 0 -0.65918 70.708 0 -0.65918 5248 
0 0 44.5166 88.6816 97.0312 0 0 0 44.5166 88.6816 97.0312 0 70.7959 0 -0.791016 70.7959 0 -0.791016 5261.99 
0 0 45.4395 89.3408 97.0312 0 0 0 45.4395 89.3408 97.0312 0 70.8398 0 -1.01074 70.8398 0 -1.01074 5276.01 
0 0 46.2744 90.0439 97.0312 0 0 0 46.2744 90.0439 97.0312 0 70.7959 0 -1.23047 70.7959 0 -1.23047 5315.79 
0 0 48.6035 92.1533 97.0312 0 0 0 48.6035 92.1533 97.0312 0 71.0596 0 -1.66992 71.0596 0 -1.66992 5331.56 
0 0 49.4385 92.9004 97.0312 0 0 0 49.4385 92.9004 97.0312 0 71.1914 0 -1.80176 71.1914 0 -1.80176 5346.44 
0 0 50.2734 93.6035 97.0312 0 0 0 50.2734 93.6035 97.0312 0 71.543 0 -1.97754 71.543 0 -1.97754 5359.94 
0 0 50.9766 94.2627 97.0312 0 0 0 50.9766 94.2627 97.0312 0 71.6748 0 -2.15332 71.6748 0 -2.15332 5374.02 
0 0 51.7236 94.9658 97.0312 0 0 0 51.7236 94.9658 97.0312 0 71.7627 0 -1.97754 71.7627 0 -1.97754 5388.53 
0 0 52.3828 95.625 97.0312 0 0 0 52.3828 95.625 97.0312 0 71.8506 0 -1.93359 71.8506 0 -1.93359 5402.04 
0 0 53.1299 96.2402 97.0312 0 0 0 53.1299 96.2402 97.0312 0 71.9385 0 -1.80176 71.9385 0 -1.80176 5434.3 
0 0 54.668 97.6904 97.0312 0 0 0 54.668 97.6904 97.0312 0 72.1582 0 -1.49414 72.1582 0 -1.49414 5449.29 
0 0 55.3271 98.3057 97.0312 0 0 0 55.3271 98.3057 97.0312 0 72.2461 0 -1.49414 72.2461 0 -1.49414 5463.03 
0 0 55.8984 98.833 97.0312 0 0 0 55.8984 98.833 97.0312 0 72.2461 0 -1.3623 72.2461 0 -1.3623 5476.97 
0 0 56.4258 99.4482 97.0312 0 0 0 56.4258 99.4482 97.0312 0 72.2461 0 -1.40625 72.2461 0 -1.40625 5491.12 
0 0 56.9971 100.02 97.0312 0 0 0 56.9971 100.02 97.0312 0 72.2461 0 -1.3623 72.2461 0 -1.3623 5504.99 
0 0 57.4805 100.547 97.0312 0 0 0 57.4805 100.547 97.0312 0 72.2461 0 -1.40625 72.2461 0 -1.40625 5519.05 
0 0 58.0078 101.074 97.0312 0 0 0 58.0078 101.074 97.0312 0 72.2461 0 -1.49414 72.2461 0 -1.49414 5532.95 
0 0 58.5352 101.558 97.0312 0 0 0 58.5352 101.558 97.0312 0 72.2461 0 -1.49414 72.2461 0 -1.49414 5546.98 
0 0 58.9746 102.041 97.0312 0 0 0 58.9746 102.041 97.0312 0 72.2461 0 -1.58203 72.2461 0 -1.58203 5561.04 
0 0 59.502 102.568 97.0312 0 0 0 59.502 102.568 97.0312 0 72.2461 0 -1.62598 72.2461 0 -1.62598 5574.97 
0 0 59.9854 103.052 96.9434 0 0 0 59.9854 103.052 96.9434 0 72.2461 0 -1.80176 72.2461 0 -1.80176 5588.94 
0 0 60.4688 103.579 96.9434 0 0 0 60.4688 103.579 96.9434 0 72.2461 0 -1.93359 72.2461 0 -1.93359 5603.06 
0 0 60.9521 104.062 96.9434 0 0 0 60.9521 104.062 96.9434 0 72.2461 0 -1.97754 72.2461 0 -1.97754 5617.02 
0 0 61.4795 104.502 96.9434 0 0 0 61.4795 104.502 96.9434 0 72.2461 0 -2.06543 72.2461 0 -2.06543 5630.93 
0 0 62.0068 104.985 96.7676 0 0 0 62.0068 104.985 96.7676 0 72.2461 0 -2.10938 72.2461 0 -2.10938 5644.92 
0 0 62.5781 105.381 96.6797 0 0 0 62.5781 105.381 96.6797 0 72.2021 0 -2.15332 72.2021 0 -2.15332 5658.9 
0 0 63.1934 105.864 96.5039 0 0 0 63.1934 105.864 96.5039 0 72.2461 0 -2.19727 72.2461 0 -2.19727 5672.88 
0 0 63.8525 106.392 96.416 0 0 0 63.8525 106.392 96.416 0 72.2461 0 -2.10938 72.2461 0 -2.10938 5687.03 
0 0 64.4678 106.919 96.416 0 0 0 64.4678 106.919 96.416 0 72.2021 0 -2.02148 72.2021 0 -2.02148 5701.93 
0 0 65.1709 107.446 96.2402 0 0 0 65.1709 107.446 96.2402 0 72.2021 0 -1.93359 72.2021 0 -1.93359 5715.86 
0 0 65.8301 107.93 96.1523 0 0 0 65.8301 107.93 96.1523 0 72.2461 0 -1.80176 72.2461 0 -1.80176 5730.01 
0 0 66.4453 108.457 95.9766 0 0 0 66.4453 108.457 95.9766 0 72.2021 0 -1.62598 72.2021 0 -1.62598 5743.89 
0 0 67.1045 109.028 95.8008 0 0 0 67.1045 109.028 95.8008 0 72.2461 0 -1.4502 72.2461 0 -1.4502 5758.15 
0 0 67.8076 109.6 95.625 0 0 0 67.8076 109.6 95.625 0 72.2461 0 -1.23047 72.2461 0 -1.23047 5771.91 
0 0 68.4229 110.083 95.5371 0 0 0 68.4229 110.083 95.5371 0 72.2461 0 -0.922852 72.2461 0 -0.922852 5785.93 
0 0 69.126 110.61 95.2734 0 0 0 69.126 110.61 95.2734 0 72.2461 0 -0.65918 72.2461 0 -0.65918 5799.96 
0 0 69.917 111.138 95.0977 0 0 0 69.917 111.138 95.0977 0 72.2461 0 -0.351562 72.2461 0 -0.351562 5813.85 
0 0 70.5322 111.621 94.834 0 0 0 70.5322 111.621 94.834 0 72.2021 0 -0.131836 72.2021 0 -0.131836 5827.89 
0 0 71.2354 112.104 94.5703 0 0 0 71.2354 112.104 94.5703 0 72.2461 0 0.131836 72.2461 0 0.131836 5841.91 
0 0 72.0264 112.544 94.3066 0 0 0 72.0264 112.544 94.3066 0 72.2021 0 0.307617 72.2021 0 0.307617 5855.97 
0 0 72.7734 113.071 94.043 0 0 0 72.7734 113.071 94.043 0 72.2461 0 0.395508 72.2461 0 0.395508 5869.81 
0 0 73.4766 113.467 93.8672 0 0 0 73.4766 113.467 93.8672 0 72.29 0 0.439453 72.29 0 0.439453 5883.78 
0 0 74.1797 113.906 93.5156 0 0 0 74.1797 113.906 93.5156 0 72.2461 0 0.527344 72.2461 0 0.527344 5897.95 
0 0 74.8389 114.258 93.252 0 0 0 74.8389 114.258 93.252 0 72.2461 0 0.571289 72.2461 0 0.571289 5911.93 
0 0 75.498 114.609 92.9883 0 0 0 75.498 114.609 92.9883 0 72.2021 0 0.571289 72.2021 0 0.571289 5925.79 
0 0 76.2012 114.961 92.6367 0 0 0 76.2012 114.961 92.6367 0 72.2461 0 0.571289 72.2461 0 0.571289 5939.75 
0 0 76.9922 115.225 92.2852 0 0 0 76.9922 115.225 92.2852 0 72.2021 0 0.615234 72.2021 0 0.615234 5953.75 
0 0 77.7393 115.576 91.9336 0 0 0 77.7393 115.576 91.9336 0 72.2461 0 0.703125 72.2461 0 0.703125 5967.86 
0 0 78.5303 115.928 91.4941 0 0 0 78.5303 115.928 91.4941 0 72.2461 0 0.791016 72.2461 0 0.791016 5983.76 
0 0 79.2773 116.279 91.1426 0 0 0 79.2773 116.279 91.1426 0 72.2461 0 0.922852 72.2461 0 0.922852 5997.99 
0 0 80.0684 116.631 90.7031 0 0 0 80.0684 116.631 90.7031 0 72.2021 0 1.01074 72.2021 0 1.01074 6012.01 
0 0 80.7715 116.895 90.3516 0 0 0 80.7715 116.895 90.3516 0 72.2461 0 1.18652 72.2461 0 1.18652 6030.47 
0 0 81.7822 117.29 89.7363 0 0 0 81.7822 117.29 89.7363 0 72.2021 0 1.4502 72.2021 0 1.4502 6045.09 
0 0 82.5293 117.554 89.3848 0 0 0 82.5293 117.554 89.3848 0 72.2021 0 1.71387 72.2021 0 1.71387 6058.86 
0 0 83.2764 117.861 88.9453 0 0 0 83.2764 117.861 88.9453 0 72.2461 0 1.97754 72.2461 0 1.97754 6073.02 
0 0 84.0674 118.125 88.5059 0 0 0 84.0674 118.125 88.5059 0 72.2021 0 2.24121 72.2021 0 2.24121 6086.95 
0 0 84.8145 118.345 88.1543 0 0 0 84.8145 118.345 88.1543 0 72.2021 0 2.41699 72.2021 0 2.41699 6101.21 
0 0 85.5615 118.564 87.627 0 0 0 85.5615 118.564 87.627 0 72.2021 0 2.63672 72.2021 0 2.63672 6114.88 
0 0 86.2646 118.784 87.1875 0 0 0 86.2646 118.784 87.1875 0 72.2021 0 2.76855 72.2021 0 2.76855 6128.83 
0 0 87.0117 118.96 86.6602 0 0 0 87.0117 118.96 86.6602 0 72.2461 0 2.8125 72.2461 0 2.8125 6143.23 
0 0 87.7588 119.18 86.1328 0 0 0 87.7588 119.18 86.1328 0 72.2461 0 2.8125 72.2461 0 2.8125 6156.84 
0 0 88.4619 119.355 85.6055 0 0 0 88.4619 119.355 85.6055 0 72.2021 0 2.8125 72.2021 0 2.8125 6170.92 
0 0 89.209 119.487 84.9902 0 0 0 89.209 119.487 84.9902 0 72.2021 0 2.8125 72.2021 0 2.8125 6184.76 
0 0 89.9121 119.575 84.5508 0 0 0 89.9121 119.575 84.5508 0 72.2461 0 2.76855 72.2461 0 2.76855 6199.27 
0 0 90.7471 119.663 83.9355 0 0 0 90.7471 119.663 83.9355 0 72.2461 0 2.72461 72.2461 0 2.72461 6212.93 
0 0 91.4502 119.751 83.4082 0 0 0 91.4502 119.751 83.4082 0 72.2461 0 2.63672 72.2461 0 2.63672 6226.8 
0 0 92.1094 119.927 82.8809 0 0 0 92.1094 119.927 82.8809 0 72.2461 0 2.54883 72.2461 0 2.54883 6241.6 
0 0 92.8564 120.059 82.2656 0 0 0 92.8564 120.059 82.2656 0 72.2461 0 2.63672 72.2461 0 2.63672 6255.95 
0 0 93.5596 120.19 81.7383 0 0 0 93.5596 120.19 81.7383 0 72.2021 0 2.72461 72.2021 0 2.72461 6269.69 
0 0 94.3066 120.322 81.2109 0 0 0 94.3066 120.322 81.2109 0 72.2461 0 2.85645 72.2461 0 2.85645 6283.8 
0 0 95.0537 120.41 80.7715 0 0 0 95.0537 120.41 80.7715 0 72.2461 0 2.94434 72.2461 0 2.94434 6297.81 
0 0 95.8008 120.586 80.2441 0 0 0 95.8008 120.586 80.2441 0 72.2461 0 2.98828 72.2461 0 2.98828 6311.97 
0 0 96.5039 120.674 79.6289 0 0 0 96.5039 120.674 79.6289 0 72.2021 0 3.07617 72.2021 0 3.07617 6325.7 
0 0 97.207 120.762 79.1016 0 0 0 97.207 120.762 79.1016 0 72.2461 0 3.25195 72.2461 0 3.25195 6339.75 
0 0 97.9102 120.894 78.4863 0 0 0 97.9102 120.894 78.4863 0 72.2461 0 3.33984 72.2461 0 3.33984 6353.77 
0 0 98.6133 120.981 77.959 0 0 0 98.6133 120.981 77.959 0 72.2021 0 3.47168 72.2021 0 3.47168 6367.73 
0 0 99.3604 121.025 77.3438 0 0 0 99.3604 121.025 77.3438 0 72.2461 0 3.60352 72.2461 0 3.60352 6381.75 
0 0 100.107 121.113 76.8164 0 0 0 100.107 121.113 76.8164 0 72.2021 0 3.7793 72.2021 0 3.7793 6395.77 
0 0 100.811 121.113 76.2012 0 0 0 100.811 121.113 76.2012 0 72.2461 0 3.86719 72.2461 0 3.86719 6409.61 
0 0 101.47 121.245 75.6738 0 0 0 101.47 121.245 75.6738 0 72.2021 0 3.99902 72.2021 0 3.99902 6423.57 
0 0 102.173 121.289 75.0586 0 0 0 102.173 121.289 75.0586 0 72.2461 0 4.1748 72.2461 0 4.1748 6437.67 
0 0 102.876 121.377 74.5312 0 0 0 102.876 121.377 74.5312 0 72.2021 0 4.35059 72.2021 0 4.35059 6451.57 
0 0 103.579 121.377 74.0039 0 0 0 103.579 121.377 74.0039 0 72.2021 0 4.48242 72.2021 0 4.48242 6465.56 
0 0 104.282 121.421 73.3887 0 0 0 104.282 121.421 73.3887 0 72.2461 0 4.61426 72.2461 0 4.61426 6479.61 
0 0 105.029 121.465 72.8613 0 0 0 105.029 121.465 72.8613 0 72.2461 0 4.70215 72.2461 0 4.70215 6493.64 
0 0 105.645 121.509 72.334 0 0 0 105.645 121.509 72.334 0 72.2461 0 4.83398 72.2461 0 4.83398 6507.62 
0 0 106.26 121.553 71.8066 0 0 0 106.26 121.553 71.8066 0 72.2021 0 4.96582 72.2021 0 4.96582 6521.53 
0 0 106.831 121.641 71.3672 0 0 0 106.831 121.641 71.3672 0 72.2021 0 5.09766 72.2021 0 5.09766 6535.57 
0 0 107.446 121.685 70.8398 0 0 0 107.446 121.685 70.8398 0 72.2461 0 5.27344 72.2461 0 5.27344 6549.53 
0 0 108.062 121.729 70.3125 0 0 0 108.062 121.729 70.3125 0 72.29 0 5.31738 72.29 0 5.31738 6563.59 
0 0 108.589 121.729 69.7852 0 0 0 108.589 121.729 69.7852 0 72.2461 0 5.40527 72.2461 0 5.40527 6577.62 
0 0 109.072 121.772 69.4336 0 0 0 109.072 121.772 69.4336 0 72.2021 0 5.40527 72.2021 0 5.40527 6591.62 
0 0 109.556 121.816 68.9062 0 0 0 109.556 121.816 68.9062 0 72.2461 0 5.31738 72.2461 0 5.31738 6605.62 
0 0 109.995 121.816 68.5547 0 0 0 109.995 121.816 68.5547 0 72.2461 0 5.27344 72.2461 0 5.27344 6619.71 
0 0 110.391 121.816 68.1152 0 0 0 110.391 121.816 68.1152 0 72.2461 0 5.27344 72.2461 0 5.27344 6633.65 
0 0 110.786 121.816 67.7637 0 0 0 110.786 121.816 67.7637 0 72.2021 0 5.18555 72.2021 0 5.18555 6647.51 
0 0 111.182 121.816 67.3242 0 0 0 111.182 121.816 67.3242 0 72.2021 0 5.05371 72.2021 0 5.05371 6661.55 
0 0 111.577 121.86 66.9727 0 0 0 111.577 121.86 66.9727 0 72.2021 0 4.92188 72.2021 0 4.92188 6675.75 
0 0 111.929 121.86 66.6211 0 0 0 111.929 121.86 66.6211 0 72.2461 0 4.79004 72.2461 0 4.79004 6689.6 
0 0 112.28 121.86 66.2695 0 0 0 112.28 121.86 66.2695 0 72.29 0 4.6582 72.29 0 4.6582 6704.52 
0 0 112.632 121.816 65.8301 0 0 0 112.632 121.816 65.8301 0 72.2461 0 4.57031 72.2461 0 4.57031 6718.7 
0 0 113.027 121.772 65.4785 0 0 0 113.027 121.772 65.4785 0 72.2461 0 4.48242 72.2461 0 4.48242 6732.6 
0 0 113.379 121.816 65.2148 0 0 0 113.379 121.816 65.2148 0 72.2461 0 4.43848 72.2461 0 4.43848 6746.45 
0 0 113.73 121.772 64.8633 0 0 0 113.73 121.772 64.8633 0 72.2021 0 4.30664 72.2021 0 4.30664 6760.49 
0 0 114.038 121.816 64.5117 0 0 0 114.038 121.816 64.5117 0 72.2021 0 4.21875 72.2021 0 4.21875 6775.11 
0 0 114.39 121.816 64.0723 0 0 0 114.39 121.816 64.0723 0 72.2461 0 4.04297 72.2461 0 4.04297 6792.56 
0 0 114.785 121.772 63.6328 0 0 0 114.785 121.772 63.6328 0 72.2461 0 3.91113 72.2461 0 3.91113 6806.59 
0 0 115.093 121.816 63.2812 0 0 0 115.093 121.816 63.2812 0 72.2461 0 3.69141 72.2461 0 3.69141 6820.54 
0 0 115.532 121.772 62.9297 0 0 0 115.532 121.772 62.9297 0 72.2021 0 3.47168 72.2021 0 3.47168 6834.55 
0 0 115.84 121.729 62.5781 0 0 0 115.84 121.729 62.5781 0 72.2021 0 3.20801 72.2021 0 3.20801 6848.5 
0 0 116.147 121.772 62.1387 0 0 0 116.147 121.772 62.1387 0 72.2461 0 2.94434 72.2461 0 2.94434 6862.42 
0 0 116.499 121.729 61.7871 0 0 0 116.499 121.729 61.7871 0 72.2461 0 2.76855 72.2461 0 2.76855 6876.52 
0 0 116.807 121.685 61.4355 0 0 0 116.807 121.685 61.4355 0 72.2021 0 2.68066 72.2021 0 2.68066 6890.48 
0 0 117.246 121.685 60.9961 0 0 0 117.246 121.685 60.9961 0 72.2021 0 2.59277 72.2021 0 2.59277 6904.54 
0 0 117.598 121.685 60.5566 0 0 0 117.598 121.685 60.5566 0 72.2021 0 2.50488 72.2021 0 2.50488 6918.39 
0 0 117.949 121.641 60.1172 0 0 0 117.949 121.641 60.1172 0 72.2021 0 2.37305 72.2021 0 2.37305 6932.5 
0 0 118.389 121.641 59.6777 0 0 0 118.389 121.641 59.6777 0 72.2021 0 2.3291 72.2021 0 2.3291 6946.47 
0 0 118.784 121.597 59.1504 0 0 0 118.784 121.597 59.1504 0 72.2021 0 2.24121 72.2021 0 2.24121 6960.48 
0 0 119.136 121.597 58.623 0 0 0 119.136 121.597 58.623 0 72.2461 0 2.15332 72.2461 0 2.15332 6974.37 
0 0 119.531 121.553 58.1836 0 0 0 119.531 121.553 58.1836 0 72.29 0 2.02148 72.29 0 2.02148 6988.4 
0 0 119.971 121.509 57.6562 0 0 0 119.971 121.509 57.6562 0 72.2021 0 1.97754 72.2021 0 1.97754 7002.39 
0 0 120.322 121.509 57.1289 0 0 0 120.322 121.509 57.1289 0 72.2461 0 1.80176 72.2461 0 1.80176 7018.6 
0 0 120.85 121.421 56.4258 0 0 0 120.85 121.421 56.4258 0 72.2021 0 1.62598 72.2021 0 1.62598 7032.47 
0 0 121.201 121.377 55.8984 0 0 0 121.201 121.377 55.8984 0 72.2021 0 1.49414 72.2021 0 1.49414 7046.44 
0 0 121.597 121.245 55.2832 0 0 0 121.597 121.245 55.2832 0 72.2021 0 1.31836 72.2021 0 1.31836 7060.35 
0 0 121.992 121.201 54.668 0 0 0 121.992 121.201 54.668 0 72.2021 0 1.23047 72.2021 0 1.23047 7074.89 
0 0 122.344 121.069 53.877 0 0 0 122.344 121.069 53.877 0 72.2021 0 1.18652 72.2021 0 1.18652 7089.79 
0 0 122.695 120.894 53.1738 0 0 0 122.695 120.894 53.1738 0 72.2461 0 1.23047 72.2461 0 1.23047 7103.69 
0 0 123.003 120.674 52.3828 0 0 0 123.003 120.674 52.3828 0 72.2021 0 1.23047 72.2021 0 1.23047 7117.31 
0 0 123.179 120.41 51.7676 0 0 0 123.179 120.41 51.7676 0 72.2021 0 1.31836 72.2021 0 1.31836 7131.41 
0 0 123.311 120.059 51.0645 0 0 0 123.311 120.059 51.0645 0 72.2021 0 1.49414 72.2021 0 1.49414 7145.46 
0 0 123.354 119.619 50.2734 0 0 0 123.354 119.619 50.2734 0 72.2021 0 1.71387 72.2021 0 1.71387 7162.04 
0 0 123.398 119.048 49.3066 0 0 0 123.398 119.048 49.3066 0 72.2021 0 2.02148 72.2021 0 2.02148 7175.42 
0 0 123.311 118.564 48.4277 0 0 0 123.311 118.564 48.4277 0 72.2461 0 2.37305 72.2461 0 2.37305 7189.35 
0 0 123.311 117.993 47.6367 0 0 0 123.311 117.993 47.6367 0 72.2021 0 2.98828 72.2021 0 2.98828 7203.32 
0 0 123.135 117.334 46.7578 0 0 0 123.135 117.334 46.7578 0 72.2021 0 3.73535 72.2021 0 3.73535 7217.78 
0 0 122.959 116.631 45.8789 0 0 0 122.959 116.631 45.8789 0 72.2021 0 4.43848 72.2021 0 4.43848 7231.32 
0 0 122.783 115.972 45 0 0 0 122.783 115.972 45 0 72.2021 0 5.31738 72.2021 0 5.31738 7245.33 
0 0 122.607 115.181 43.9453 0 0 0 122.607 115.181 43.9453 0 72.1582 0 6.32812 72.1582 0 6.32812 7260.27 
0 0 122.432 114.302 42.8906 0 0 0 122.432 114.302 42.8906 0 72.1582 0 7.42676 72.1582 0 7.42676 7274.27 
0 0 122.344 113.423 41.8359 0 0 0 122.344 113.423 41.8359 0 72.2021 0 8.61328 72.2021 0 8.61328 7288.43 
0 0 122.124 112.544 40.8691 0 0 0 122.124 112.544 40.8691 0 72.2021 0 9.7998 72.2021 0 9.7998 7302.31 
0 0 121.992 111.665 39.9023 0 0 0 121.992 111.665 39.9023 0 72.2021 0 10.8545 72.2021 0 10.8545 7316.45 
0 0 121.816 110.698 39.0234 0 0 0 121.816 110.698 39.0234 0 72.2021 0 12.041 72.2021 0 12.041 7330.36 
0 0 121.641 109.775 37.9688 0 0 0 121.641 109.775 37.9688 0 72.2021 0 13.2275 72.2021 0 13.2275 7344.3 
0 0 121.509 108.853 37.2656 0 0 0 121.509 108.853 37.2656 0 72.2021 0 14.3701 72.2021 0 14.3701 7358.36 
0 0 121.421 107.93 36.2109 0 0 0 121.421 107.93 36.2109 0 72.2021 0 15.4688 72.2021 0 15.4688 7372.23 
0 0 121.245 107.051 35.4199 0 0 0 121.245 107.051 35.4199 0 72.1582 0 16.5674 72.1582 0 16.5674 7386.25 
0 0 121.113 106.26 34.541 0 0 0 121.113 106.26 34.541 0 72.1582 0 17.6221 72.1582 0 17.6221 7400.24 
0 0 120.938 105.425 33.75 0 0 0 120.938 105.425 33.75 0 72.2021 0 18.501 72.2021 0 18.501 7414.29 
0 0 120.806 104.81 33.0469 0 0 0 120.806 104.81 33.0469 0 72.2021 0 19.4238 72.2021 0 19.4238 7428.21 
0 0 120.63 104.15 32.4316 0 0 0 120.63 104.15 32.4316 0 72.2461 0 20.2148 72.2461 0 20.2148 7442.3 
0 0 120.454 103.579 31.7285 0 0 0 120.454 103.579 31.7285 0 72.2021 0 21.0498 72.2021 0 21.0498 7456.25 
0 0 120.234 102.964 31.1133 0 0 0 120.234 102.964 31.1133 0 72.2021 0 21.8848 72.2021 0 21.8848 7470.25 
0 0 120.059 102.437 30.5859 0 0 0 120.059 102.437 30.5859 0 72.1582 0 22.7197 72.1582 0 22.7197 7485.52 
0 0 119.795 101.821 29.9707 0 0 0 119.795 101.821 29.9707 0 72.1582 0 23.5107 72.1582 0 23.5107 7499.38 
0 0 119.487 101.294 29.4434 0 0 0 119.487 101.294 29.4434 0 72.2021 0 24.2139 72.2021 0 24.2139 7513.24 
0 0 119.224 100.811 28.916 0 0 0 119.224 100.811 28.916 0 72.1582 0 25.0049 72.1582 0 25.0049 7527.2 
0 0 118.872 100.327 28.4766 0 0 0 118.872 100.327 28.4766 0 72.1582 0 25.6641 72.1582 0 25.6641 7541.26 
0 0 118.608 99.9316 28.125 0 0 0 118.608 99.9316 28.125 0 72.2021 0 26.2793 72.2021 0 26.2793 7555.3 
0 0 118.213 99.5801 27.7734 0 0 0 118.213 99.5801 27.7734 0 72.1582 0 26.8506 72.1582 0 26.8506 7569.21 
0 0 117.861 99.2725 27.5098 0 0 0 117.861 99.2725 27.5098 0 72.1582 0 27.4658 72.1582 0 27.4658 7583.24 
0 0 117.466 99.0088 27.2461 0 0 0 117.466 99.0088 27.2461 0 72.2021 0 27.9932 72.2021 0 27.9932 7597.19 
0 0 117.07 98.7012 27.0703 0 0 0 117.07 98.7012 27.0703 0 72.2021 0 28.6084 72.2021 0 28.6084 7611.9 
0 0 116.631 98.4375 26.8945 0 0 0 116.631 98.4375 26.8945 0 72.2021 0 29.3115 72.2021 0 29.3115 7625.41 
0 0 116.104 98.2178 26.8066 0 0 0 116.104 98.2178 26.8066 0 72.2021 0 29.8828 72.2021 0 29.8828 7639.37 
0 0 115.664 97.9541 26.7188 0 0 0 115.664 97.9541 26.7188 0 72.1582 0 30.4541 72.1582 0 30.4541 7653.25 
0 0 115.137 97.8223 26.7188 0 0 0 115.137 97.8223 26.7188 0 72.2021 0 30.9814 72.2021 0 30.9814 7667.15 
0 0 114.565 97.6025 26.7188 0 0 0 114.565 97.6025 26.7188 0 72.1582 0 31.5088 72.1582 0 31.5088 7681.88 
0 0 114.082 97.4268 26.6309 0 0 0 114.082 97.4268 26.6309 0 72.2021 0 32.0801 72.2021 0 32.0801 7696.18 
0 0 113.467 97.207 26.6309 0 0 0 113.467 97.207 26.6309 0 72.2021 0 32.6514 72.2021 0 32.6514 7710.11 
0 0 113.027 97.0752 26.6309 0 0 0 113.027 97.0752 26.6309 0 72.2021 0 33.3105 72.2021 0 33.3105 7724.28 
0 0 112.5 96.8555 26.543 0 0 0 112.5 96.8555 26.543 0 72.2021 0 34.1016 72.2021 0 34.1016 7738.58 
0 0 112.017 96.6357 26.543 0 0 0 112.017 96.6357 26.543 0 72.1582 0 34.8926 72.1582 0 34.8926 7752.47 
0 0 111.533 96.3721 26.4551 0 0 0 111.533 96.3721 26.4551 0 72.1582 0 35.7275 72.1582 0 35.7275 7766.2 
0 0 111.094 96.0205 26.3672 0 0 0 111.094 96.0205 26.3672 0 72.2021 0 36.5625 72.2021 0 36.5625 7780.1 
0 0 110.61 95.8008 26.3672 0 0 0 110.61 95.8008 26.3672 0 72.2021 0 37.5293 72.2021 0 37.5293 7794.12 
0 0 110.171 95.4932 26.3672 0 0 0 110.171 95.4932 26.3672 0 72.2021 0 38.584 72.2021 0 38.584 7808.22 
0 0 109.731 95.2734 26.3672 0 0 0 109.731 95.2734 26.3672 0 72.2021 0 39.6826 72.2021 0 39.6826 7822.12 
0 0 109.292 95.0098 26.4551 0 0 0 109.292 95.0098 26.4551 0 72.1582 0 40.9131 72.1582 0 40.9131 7836.11 
0 0 108.765 94.834 26.4551 0 0 0 108.765 94.834 26.4551 0 72.1582 0 42.2314 72.1582 0 42.2314 7850.06 
0 0 108.325 94.6582 26.543 0 0 0 108.325 94.6582 26.543 0 72.2021 0 43.5498 72.2021 0 43.5498 7864.18 
0 0 107.886 94.5264 26.6309 0 0 0 107.886 94.5264 26.6309 0 72.2021 0 44.9561 72.2021 0 44.9561 7878.05 
0 0 107.358 94.3945 26.8066 0 0 0 107.358 94.3945 26.8066 0 72.2021 0 46.5381 72.2021 0 46.5381 7892.42 
0 0 106.875 94.2627 26.9824 0 0 0 106.875 94.2627 26.9824 0 72.1582 0 48.208 72.1582 0 48.208 7906.06 
0 0 106.436 94.2188 27.0703 0 0 0 106.436 94.2188 27.0703 0 72.1582 0 49.834 72.1582 0 49.834 7920.09 
0 0 105.908 94.2188 27.2461 0 0 0 105.908 94.2188 27.2461 0 71.9385 0 51.5479 71.9385 0 51.5479 7934.06 
0 0 105.381 94.1748 27.4219 0 0 0 105.381 94.1748 27.4219 0 71.8945 0 53.2617 71.8945 0 53.2617 7948.1 
0 0 104.897 94.2188 27.5098 0 0 0 104.897 94.2188 27.5098 0 71.8066 0 54.8877 71.8066 0 54.8877 7962.23 
0 0 104.414 94.2627 27.7734 0 0 0 104.414 94.2627 27.7734 0 71.7188 0 56.6016 71.7188 0 56.6016 7976.1 
0 0 103.931 94.3066 27.9492 0 0 0 103.931 94.3066 27.9492 0 71.499 0 58.3594 71.499 0 58.3594 7990.04 
0 0 103.491 94.3945 28.2129 0 0 0 103.491 94.3945 28.2129 0 71.1035 0 60.0732 71.1035 0 60.0732 8004.05 
0 0 103.14 94.3945 28.4766 0 0 0 103.14 94.3945 28.4766 0 70.7959 0 61.5674 70.7959 0 61.5674 8018.15 
0 0 102.744 94.4385 28.7402 0 0 0 102.744 94.4385 28.7402 0 70.5762 0 62.9297 70.5762 0 62.9297 8032.1 
0 0 102.393 94.5264 29.0039 0 0 0 102.393 94.5264 29.0039 0 70.2246 0 64.4678 70.2246 0 64.4678 8046.03 
0 0 102.041 94.5703 29.2676 0 0 0 102.041 94.5703 29.2676 0 69.873 0 65.7422 69.873 0 65.7422 8060.01 
0 0 101.689 94.6582 29.5312 0 0 0 101.689 94.6582 29.5312 0 69.5215 0 66.9287 69.5215 0 66.9287 8074.02 
0 0 101.382 94.834 29.707 0 0 0 101.382 94.834 29.707 0 69.1699 0 68.0713 69.1699 0 68.0713 8088.1 
0 0 101.162 94.9658 29.8828 0 0 0 101.162 94.9658 29.8828 0 68.8184 0 69.2139 68.8184 0 69.2139 8102.02 
0 0 100.986 95.1416 30.1465 0 0 0 100.986 95.1416 30.1465 0 68.5107 0 70.3125 68.5107 0 70.3125 8116.01 
0 0 100.723 95.3174 30.3223 0 0 0 100.723 95.3174 30.3223 0 68.2471 0 71.543 68.2471 0 71.543 8130.15 
0 0 100.459 95.4492 30.6738 0 0 0 100.459 95.4492 30.6738 0 67.9834 0 72.6855 67.9834 0 72.6855 8143.99 
0 0 100.239 95.625 30.8496 0 0 0 100.239 95.625 30.8496 0 67.7197 0 73.7842 67.7197 0 73.7842 8157.96 
0 0 100.02 95.8008 31.1133 0 0 0 100.02 95.8008 31.1133 0 67.5 0 74.707 67.5 0 74.707 8172.04 
0 0 99.7998 95.9326 31.4648 0 0 0 99.7998 95.9326 31.4648 0 67.3242 0 75.7178 67.3242 0 75.7178 8186 
0 0 99.5801 96.0645 31.7285 0 0 0 99.5801 96.0645 31.7285 0 67.1484 0 76.8604 67.1484 0 76.8604 8201.46 
0 0 99.3604 96.3281 32.0801 0 0 0 99.3604 96.3281 32.0801 0 66.9287 0 78.0029 66.9287 0 78.0029 8215.02 
0 0 99.0967 96.5918 32.3438 0 0 0 99.0967 96.5918 32.3438 0 66.8408 0 78.8818 66.8408 0 78.8818 8229.05 
0 0 98.877 96.8115 32.6953 0 0 0 98.877 96.8115 32.6953 0 66.7529 0 79.8926 66.7529 0 79.8926 8249.35 
0 0 98.4814 97.0752 33.0469 0 0 0 98.4814 97.0752 33.0469 0 66.5771 0 81.2988 66.5771 0 81.2988 8263.07 
0 0 98.2178 97.2949 33.3105 0 0 0 98.2178 97.2949 33.3105 0 66.6211 0 82.2656 66.6211 0 82.2656 8276.86 
0 0 97.9102 97.5146 33.5742 0 0 0 97.9102 97.5146 33.5742 0 66.5771 0 83.2764 66.5771 0 83.2764 8291.14 
0 0 97.6025 97.6904 33.8379 0 0 0 97.6025 97.6904 33.8379 0 66.5332 0 84.1553 66.5332 0 84.1553 8304.99 
0 0 97.251 97.8662 34.1016 0 0 0 97.251 97.8662 34.1016 0 66.5332 0 85.0342 66.5332 0 85.0342 8319.4 
0 0 96.8115 98.042 34.3652 0 0 0 96.8115 98.042 34.3652 0 66.4893 0 85.8691 66.4893 0 85.8691 8333.4 
0 0 96.5039 98.1299 34.6289 0 0 0 96.5039 98.1299 34.6289 0 66.4014 0 86.6602 66.4014 0 86.6602 8347.01 
0 0 96.1084 98.2617 34.8047 0 0 0 96.1084 98.2617 34.8047 0 66.3135 0 87.3633 66.3135 0 87.3633 8361.26 
0 0 95.6689 98.3057 34.9805 0 0 0 95.6689 98.3057 34.9805 0 66.2256 0 88.1543 66.2256 0 88.1543 8375.07 
0 0 95.1855 98.3057 35.1562 0 0 0 95.1855 98.3057 35.1562 0 66.1816 0 88.8574 66.1816 0 88.8574 8389.11 
0 0 94.7461 98.3496 35.332 0 0 0 94.7461 98.3496 35.332 0 66.0938 0 89.5605 66.0938 0 89.5605 8403.05 
0 0 94.2627 98.3496 35.5078 0 0 0 94.2627 98.3496 35.5078 0 66.0498 0 90.2197 66.0498 0 90.2197 8417.64 
0 0 93.7354 98.2617 35.5957 0 0 0 93.7354 98.2617 35.5957 0 65.9619 0 90.835 65.9619 0 90.835 8433.02 
0 0 93.1201 98.1738 35.6836 0 0 0 93.1201 98.1738 35.6836 0 65.874 0 91.582 65.874 0 91.582 8446.91 
0 0 92.5928 98.042 35.7715 0 0 0 92.5928 98.042 35.7715 0 65.7861 0 92.2852 65.7861 0 92.2852 8460.96 
0 0 92.1094 97.9102 35.8594 0 0 0 92.1094 97.9102 35.8594 0 65.6982 0 92.9883 65.6982 0 92.9883 8476.15 
0 0 91.5381 97.6904 35.8594 0 0 0 91.5381 97.6904 35.8594 0 65.6104 0 93.7793 65.6104 0 93.7793 8490.02 
0 0 90.9668 97.6465 36.0352 0 0 0 90.9668 97.6465 36.0352 0 65.4785 0 94.3945 65.4785 0 94.3945 8503.84 
0 0 90.4395 97.5146 36.0352 0 0 0 90.4395 97.5146 36.0352 0 65.4346 0 94.9658 65.4346 0 94.9658 8517.88 
0 0 89.8682 97.3828 36.123 0 0 0 89.8682 97.3828 36.123 0 65.3027 0 95.625 65.3027 0 95.625 8531.89 
0 0 89.3408 97.207 36.2109 0 0 0 89.3408 97.207 36.2109 0 65.1709 0 96.1084 65.1709 0 96.1084 8545.86 
0 0 88.8574 97.0752 36.4746 0 0 0 88.8574 97.0752 36.4746 0 65.083 0 96.5918 65.083 0 96.5918 8559.97 
0 0 88.374 96.9873 36.5625 0 0 0 88.374 96.9873 36.5625 0 64.9072 0 97.251 64.9072 0 97.251 8573.81 
0 0 87.8906 96.8115 36.5625 0 0 0 87.8906 96.8115 36.5625 0 64.7314 0 97.6904 64.7314 0 97.6904 8587.83 
0 0 87.4512 96.6797 36.6504 0 0 0 87.4512 96.6797 36.6504 0 64.5557 0 98.2617 64.5557 0 98.2617 8602.07 
0 0 87.0117 96.5918 36.7383 0 0 0 87.0117 96.5918 36.7383 0 64.4238 0 98.9209 64.4238 0 98.9209 8615.87 
0 0 86.6602 96.5039 36.8262 0 0 0 86.6602 96.5039 36.8262 0 64.1602 0 99.5361 64.1602 0 99.5361 8629.8 
0 0 86.2207 96.416 36.9141 0 0 0 86.2207 96.416 36.9141 0 64.0283 0 100.239 64.0283 0 100.239 8643.98 
0 0 85.8252 96.2402 37.002 0 0 0 85.8252 96.2402 37.002 0 63.8086 0 101.03 63.8086 0 101.03 8658 
0 0 85.4297 96.1523 37.0898 0 0 0 85.4297 96.1523 37.0898 0 63.6768 0 101.821 63.6768 0 101.821 8671.81 
0 0 85.0781 96.0205 37.1777 0 0 0 85.0781 96.0205 37.1777 0 63.5889 0 102.656 63.5889 0 102.656 8687.03 
0 0 84.6387 95.8447 37.2656 0 0 0 84.6387 95.8447 37.2656 0 63.501 0 103.579 63.501 0 103.579 8701.03 
0 0 84.2871 95.6689 37.3535 0 0 0 84.2871 95.6689 37.3535 0 63.4131 0 104.634 63.4131 0 104.634 8714.93 
0 0 83.9355 95.4932 37.3535 0 0 0 83.9355 95.4932 37.3535 0 63.3691 0 105.601 63.3691 0 105.601 8728.99 
0 0 83.584 95.3174 37.4414 0 0 0 83.584 95.3174 37.4414 0 63.2812 0 106.655 63.2812 0 106.655 8743.6 
0 0 83.2764 95.1416 37.4414 0 0 0 83.2764 95.1416 37.4414 0 63.1934 0 107.754 63.1934 0 107.754 8757.75 
0 0 82.9688 94.9219 37.4414 0 0 0 82.9688 94.9219 37.4414 0 63.1934 0 108.853 63.1934 0 108.853 8771.95 
0 0 82.6172 94.7021 37.4414 0 0 0 82.6172 94.7021 37.4414 0 63.1055 0 110.039 63.1055 0 110.039 8785.85 
0 0 82.3535 94.5264 37.4414 0 0 0 82.3535 94.5264 37.4414 0 63.1055 0 111.138 63.1055 0 111.138 8799.9 
0 0 82.1338 94.3506 37.4414 0 0 0 82.1338 94.3506 37.4414 0 63.0615 0 112.148 63.0615 0 112.148 8813.96 
0 0 81.9141 94.1309 37.4414 0 0 0 81.9141 94.1309 37.4414 0 62.9736 0 113.159 62.9736 0 113.159 8827.75 
0 0 81.6943 94.043 37.4414 0 0 0 81.6943 94.043 37.4414 0 62.9297 0 114.302 62.9297 0 114.302 8841.86 
0 0 81.4746 93.9111 37.3535 0 0 0 81.4746 93.9111 37.3535 0 62.8418 0 115.532 62.8418 0 115.532 8855.75 
0 0 81.3428 93.7354 37.2656 0 0 0 81.3428 93.7354 37.2656 0 62.7539 0 116.543 62.7539 0 116.543 8869.72 
0 0 81.167 93.6035 37.2656 0 0 0 81.167 93.6035 37.2656 0 62.6221 0 117.686 62.6221 0 117.686 8883.87 
0 0 81.0352 93.4717 37.2656 0 0 0 81.0352 93.4717 37.2656 0 62.4463 0 118.872 62.4463 0 118.872 8897.71 
0 0 80.9033 93.3398 37.2656 0 0 0 80.9033 93.3398 37.2656 0 62.2705 0 119.927 62.2705 0 119.927 8911.72 
0 0 80.7715 93.252 37.1777 0 0 0 80.7715 93.252 37.1777 0 62.0508 0 120.981 62.0508 0 120.981 8925.73 
0 0 80.6396 93.1201 37.1777 0 0 0 80.6396 93.1201 37.1777 0 61.875 0 122.036 61.875 0 122.036 8939.74 
0 0 80.5518 93.0322 37.1777 0 0 0 80.5518 93.0322 37.1777 0 61.6992 0 123.091 61.6992 0 123.091 8953.69 
0 0 80.4639 92.9883 37.1777 0 0 0 80.4639 92.9883 37.1777 0 61.4795 0 124.102 61.4795 0 124.102 8967.81 
0 0 80.332 92.9443 37.0898 0 0 0 80.332 92.9443 37.0898 0 61.3037 0 125.024 61.3037 0 125.024 8981.73 
0 0 80.2881 92.9004 37.0898 0 0 0 80.2881 92.9004 37.0898 0 61.1279 0 125.947 61.1279 0 125.947 8995.73 
0 0 80.2441 92.9004 37.0898 0 0 0 80.2441 92.9004 37.0898 0 60.9961 0 126.826 60.9961 0 126.826 9009.71 
0 0 80.1562 92.9004 37.0898 0 0 0 80.1562 92.9004 37.0898 0 60.9082 0 127.705 60.9082 0 127.705 9023.71 
0 0 80.1562 92.9004 37.0898 0 0 0 80.1562 92.9004 37.0898 0 60.8203 0 128.496 60.8203 0 128.496 9037.7 
0 0 80.1562 92.9004 37.002 0 0 0 80.1562 92.9004 37.002 0 60.7764 0 129.331 60.7764 0 129.331 9051.73 
0 0 80.1123 92.8125 36.9141 0 0 0 80.1123 92.8125 36.9141 0 60.7324 0 130.122 60.7324 0 130.122 9065.67 
0 0 80.1123 92.8564 36.9141 0 0 0 80.1123 92.8564 36.9141 0 60.6885 0 130.869 60.6885 0 130.869 9079.69 
0 0 80.1123 92.8564 36.9141 0 0 0 80.1123 92.8564 36.9141 0 60.6445 0 131.66 60.6445 0 131.66 9093.78 
0 0 80.1123 92.8125 36.8262 0 0 0 80.1123 92.8125 36.8262 0 60.5566 0 132.451 60.5566 0 132.451 9107.74 
0 0 80.1123 92.8125 36.8262 0 0 0 80.1123 92.8125 36.8262 0 60.5127 0 133.33 60.5127 0 133.33 9121.78 
0 0 80.1123 92.8125 36.7383 0 0 0 80.1123 92.8125 36.7383 0 60.4248 0 134.165 60.4248 0 134.165 9135.68 
0 0 80.1123 92.8125 36.6504 0 0 0 80.1123 92.8125 36.6504 0 60.3809 0 134.912 60.3809 0 134.912 9149.79 
0 0 80.1123 92.8125 36.6504 0 0 0 80.1123 92.8125 36.6504 0 60.293 0 135.791 60.293 0 135.791 9163.8 
0 0 80.1123 92.8125 36.6504 0 0 0 80.1123 92.8125 36.6504 0 60.2051 0 136.626 60.2051 0 136.626 9177.82 
0 0 80.1123 92.8125 36.5625 0 0 0 80.1123 92.8125 36.5625 0 60.1172 0 137.417 60.1172 0 137.417 9191.68 
0 0 80.1123 92.8125 36.5625 0 0 0 80.1123 92.8125 36.5625 0 60.0293 0 138.296 60.0293 0 138.296 9205.69 
0 0 80.1123 92.8125 36.4746 0 0 0 80.1123 92.8125 36.4746 0 59.9414 0 139.087 59.9414 0 139.087 9220.19 
0 0 80.1123 92.7686 36.4746 0 0 0 80.1123 92.7686 36.4746 0 59.8535 0 139.922 59.8535 0 139.922 9233.75 
0 0 80.1123 92.7686 36.4746 0 0 0 80.1123 92.7686 36.4746 0 59.7217 0 140.713 59.7217 0 140.713 9248.15 
0 0 80.1123 92.7686 36.3867 0 0 0 80.1123 92.7686 36.3867 0 59.5898 0 141.548 59.5898 0 141.548 9261.93 
0 0 80.1123 92.7686 36.3867 0 0 0 80.1123 92.7686 36.3867 0 59.458 0 142.295 59.458 0 142.295 9275.61 
0 0 80.0684 92.7686 36.3867 0 0 0 80.0684 92.7686 36.3867 0 59.3701 0 143.042 59.3701 0 143.042 9289.85 
0 0 80.1123 92.7686 36.2109 0 0 0 80.1123 92.7686 36.2109 0 59.2383 0 143.833 59.2383 0 143.833 9303.65 
0 0 80.1123 92.8125 36.2109 0 0 0 80.1123 92.8125 36.2109 0 59.1504 0 144.536 59.1504 0 144.536 9317.74 
0 0 80.0684 92.7686 36.2109 0 0 0 80.0684 92.7686 36.2109 0 58.9746 0 145.239 58.9746 0 145.239 9331.58 
0 0 80.0684 92.7686 36.2109 0 0 0 80.0684 92.7686 36.2109 0 58.7988 0 145.942 58.7988 0 145.942 9345.56 
0 0 80.1123 92.7686 36.2109 0 0 0 80.1123 92.7686 36.2109 0 58.667 0 146.689 58.667 0 146.689 9359.59 
0 0 80.0684 92.7686 36.2109 0 0 0 80.0684 92.7686 36.2109 0 58.4912 0 147.393 58.4912 0 147.393 9374.14 
0 0 80.1123 92.7686 36.2109 0 0 0 80.1123 92.7686 36.2109 0 58.3154 0 148.052 58.3154 0 148.052 9387.74 
0 0 80.0684 92.7686 36.2109 0 0 0 80.0684 92.7686 36.2109 0 58.1396 0 148.667 58.1396 0 148.667 9401.59 
0 0 80.1562 92.7686 36.2109 0 0 0 80.1562 92.7686 36.2109 0 57.9639 0 149.282 57.9639 0 149.282 9415.56 
0 0 80.1123 92.7686 36.2109 0 0 0 80.1123 92.7686 36.2109 0 57.7881 0 149.897 57.7881 0 149.897 9429.83 
0 0 80.0684 92.7686 36.2109 0 0 0 80.0684 92.7686 36.2109 0 57.6123 0 150.513 57.6123 0 150.513 9443.54 
0 0 80.0684 92.7686 36.2109 0 0 0 80.0684 92.7686 36.2109 0 57.4365 0 151.04 57.4365 0 151.04 9457.55 
0 0 80.0684 92.7686 36.2109 0 0 0 80.0684 92.7686 36.2109 0 57.2607 0 151.523 57.2607 0 151.523 9471.57 
0 0 80.0684 92.7686 36.2109 0 0 0 80.0684 92.7686 36.2109 0 57.1289 0 151.875 57.1289 0 151.875 9485.56 
0 0 79.9805 92.7686 36.123 0 0 0 79.9805 92.7686 36.123 0 56.9531 0 152.183 56.9531 0 152.183 9499.53 
0 0 79.9805 92.7686 36.2109 0 0 0 79.9805 92.7686 36.2109 0 56.8213 0 152.534 56.8213 0 152.534 9514.16 
0 0 79.9805 92.7686 36.2109 0 0 0 79.9805 92.7686 36.2109 0 56.6455 0 152.842 56.6455 0 152.842 9538.74 
0 0 79.9365 92.8125 36.2109 0 0 0 79.9365 92.8125 36.2109 0 56.4258 0 153.281 56.4258 0 153.281 9557.64 
0 0 79.8926 92.7686 36.123 0 0 0 79.8926 92.7686 36.123 0 56.2939 0 153.501 56.2939 0 153.501 9571.9 
0 0 79.8047 92.7246 36.2109 0 0 0 79.8047 92.7246 36.2109 0 56.25 0 153.677 56.25 0 153.677 9586.7 
0 0 79.8047 92.7686 36.123 0 0 0 79.8047 92.7686 36.123 0 56.1621 0 153.896 56.1621 0 153.896 9601.5 
0 0 79.7607 92.7246 36.123 0 0 0 79.7607 92.7246 36.123 0 56.0742 0 153.984 56.0742 0 153.984 9615.6 
0 0 79.7607 92.7246 36.123 0 0 0 79.7607 92.7246 36.123 0 56.0303 0 154.116 56.0303 0 154.116 9629.57 
0 0 79.7607 92.7246 36.123 0 0 0 79.7607 92.7246 36.123 0 56.0303 0 154.16 56.0303 0 154.16 9643.51 
0 0 79.7168 92.7686 36.123 0 0 0 79.7168 92.7686 36.123 0 55.9863 0 154.292 55.9863 0 154.292 9657.44 
0 0 79.7168 92.7246 36.123 0 0 0 79.7168 92.7246 36.123 0 55.9863 0 154.336 55.9863 0 154.336 9671.55 
0 0 79.6729 92.7686 36.123 0 0 0 79.6729 92.7686 36.123 0 55.9424 0 154.38 55.9424 0 154.38 9685.69 
0 0 79.6729 92.6807 36.123 0 0 0 79.6729 92.6807 36.123 0 55.9863 0 154.512 55.9863 0 154.512 9699.62 
0 0 79.7168 92.6807 36.123 0 0 0 79.7168 92.6807 36.123 0 55.9863 0 154.731 55.9863 0 154.731 9713.58 
0 0 79.7168 92.6807 36.123 0 0 0 79.7168 92.6807 36.123 0 55.9863 0 154.951 55.9863 0 154.951 9727.43 
0 0 79.7168 92.6807 36.0352 0 0 0 79.7168 92.6807 36.0352 0 55.9863 0 155.215 55.9863 0 155.215 9741.96 
0 0 79.6729 92.6807 36.0352 0 0 0 79.6729 92.6807 36.0352 0 55.9424 0 155.566 55.9424 0 155.566 9756.59 
0 0 79.7168 92.7246 36.0352 0 0 0 79.7168 92.7246 36.0352 0 55.9863 0 155.742 55.9863 0 155.742 9770.41 
0 0 79.6729 92.6807 36.0352 0 0 0 79.6729 92.6807 36.0352 0 55.9863 0 155.918 55.9863 0 155.918 9784.49 
0 0 79.6729 92.6807 36.0352 0 0 0 79.6729 92.6807 36.0352 0 55.9863 0 156.05 55.9863 0 156.05 9798.72 
0 0 79.7168 92.7246 36.0352 0 0 0 79.7168 92.7246 36.0352 0 55.9863 0 156.182 55.9863 0 156.182 9812.45 
0 0 79.7168 92.7246 36.0352 0 0 0 79.7168 92.7246 36.0352 0 55.9863 0 156.27 55.9863 0 156.27 9826.39 
0 0 79.7168 92.7246 36.0352 0 0 0 79.7168 92.7246 36.0352 0 55.9863 0 156.27 55.9863 0 156.27 9840.4 
0 0 79.6289 92.7686 35.9473 0 0 0 79.6289 92.7686 35.9473 0 55.9863 0 156.313 55.9863 0 156.313 9854.39 
0 0 79.6729 92.8125 36.0352 0 0 0 79.6729 92.8125 36.0352 0 55.9424 0 156.226 55.9424 0 156.226 9868.51 
0 0 79.6729 92.8125 35.9473 0 0 0 79.6729 92.8125 35.9473 0 55.9863 0 156.226 55.9863 0 156.226 9882.44 
0 0 79.6289 92.8564 35.9473 0 0 0 79.6289 92.8564 35.9473 0 55.9863 0 156.138 55.9863 0 156.138 9896.39 
0 0 79.6729 92.8564 35.8594 0 0 0 79.6729 92.8564 35.8594 0 55.9863 0 156.138 55.9863 0 156.138 9910.41 
0 0 79.6729 92.9004 35.8594 0 0 0 79.6729 92.9004 35.8594 0 55.9863 0 156.05 55.9863 0 156.05 9924.34 
0 0 79.6729 92.9443 35.8594 0 0 0 79.6729 92.9443 35.8594 0 55.9424 0 156.05 55.9424 0 156.05 9938.4 
0 0 79.7168 92.9443 35.8594 0 0 0 79.7168 92.9443 35.8594 0 55.9863 0 156.05 55.9863 0 156.05 9952.55 
0 0 79.7168 92.9443 35.8594 0 0 0 79.7168 92.9443 35.8594 0 55.9863 0 156.05 55.9863 0 156.05 9966.48 
0 0 79.7607 92.9443 35.7715 0 0 0 79.7607 92.9443 35.7715 0 55.9863 0 156.094 55.9863 0 156.094 9980.33 
0 0 79.7607 92.9443 35.7715 0 0 0 79.7607 92.9443 35.7715 0 55.9863 0 156.182 55.9863 0 156.182 9994.37 
0 0 79.8047 92.9004 35.6836 0 0 0 79.8047 92.9004 35.6836 0 55.9863 0 156.27 55.9863 0 156.27 10008.4 
0 0 79.7607 92.9004 35.6836 0 0 0 79.7607 92.9004 35.6836 0 55.9863 0 156.357 55.9863 0 156.357 10022.4 
0 0 79.7607 92.9004 35.5957 0 0 0 79.7607 92.9004 35.5957 0 55.9863 0 156.445 55.9863 0 156.445 10036.3 
0 0 79.7607 92.8564 35.5957 0 0 0 79.7607 92.8564 35.5957 0 55.9863 0 156.533 55.9863 0 156.533 10050.4 
0 0 79.7168 92.8564 35.5957 0 0 0 79.7168 92.8564 35.5957 0 55.9863 0 156.621 55.9863 0 156.621 10064.5 
0 0 79.6729 92.8125 35.5957 0 0 0 79.6729 92.8125 35.5957 0 55.9863 0 156.753 55.9863 0 156.753 10078.3 
0 0 79.6289 92.8125 35.5078 0 0 0 79.6289 92.8125 35.5078 0 55.9863 0 156.885 55.9863 0 156.885 10092.4 
0 0 79.585 92.8125 35.5957 0 0 0 79.585 92.8125 35.5957 0 55.9424 0 157.061 55.9424 0 157.061 10106.3 
0 0 79.541 92.7686 35.5078 0 0 0 79.541 92.7686 35.5078 0 55.9424 0 157.148 55.9424 0 157.148 10120.5 
0 0 79.4971 92.7686 35.5078 0 0 0 79.4971 92.7686 35.5078 0 55.9424 0 157.236 55.9424 0 157.236 10134.9 
0 0 79.4092 92.7686 35.5078 0 0 0 79.4092 92.7686 35.5078 0 55.9424 0 157.236 55.9424 0 157.236 10148.4 
0 0 79.3652 92.7246 35.5078 0 0 0 79.3652 92.7246 35.5078 0 55.9424 0 157.324 55.9424 0 157.324 10162.5 
0 0 79.3652 92.7246 35.4199 0 0 0 79.3652 92.7246 35.4199 0 55.9863 0 157.324 55.9863 0 157.324 10176.3 
0 0 79.3652 92.7686 35.5078 0 0 0 79.3652 92.7686 35.5078 0 55.9863 0 157.368 55.9863 0 157.368 10190.8 
0 0 79.2773 92.6807 35.4199 0 0 0 79.2773 92.6807 35.4199 0 55.9863 0 157.412 55.9863 0 157.412 10204.3 
0 0 79.2773 92.6807 35.4199 0 0 0 79.2773 92.6807 35.4199 0 55.9424 0 157.5 55.9424 0 157.5 10218.3 
0 0 79.2773 92.6807 35.4199 0 0 0 79.2773 92.6807 35.4199 0 55.9863 0 157.5 55.9863 0 157.5 10232.9 
0 0 79.2773 92.6367 35.4199 0 0 0 79.2773 92.6367 35.4199 0 55.9863 0 157.676 55.9863 0 157.676 10246.8 
0 0 79.2773 92.5928 35.332 0 0 0 79.2773 92.5928 35.332 0 55.9863 0 157.764 55.9863 0 157.764 10260.4 
0 0 79.2773 92.5928 35.332 0 0 0 79.2773 92.5928 35.332 0 55.9424 0 157.896 55.9424 0 157.896 10274.2 
0 0 79.2773 92.5488 35.332 0 0 0 79.2773 92.5488 35.332 0 55.9863 0 158.027 55.9863 0 158.027 10288.2 
0 0 79.2773 92.5049 35.332 0 0 0 79.2773 92.5049 35.332 0 55.9424 0 158.203 55.9424 0 158.203 10302.3 
0 0 79.2773 92.417 35.2441 0 0 0 79.2773 92.417 35.2441 0 55.9863 0 158.335 55.9863 0 158.335 10316.4 
0 0 79.2773 92.3291 35.2441 0 0 0 79.2773 92.3291 35.2441 0 55.9863 0 158.423 55.9863 0 158.423 10330.6 
0 0 79.2773 92.2852 35.2441 0 0 0 79.2773 92.2852 35.2441 0 55.9863 0 158.555 55.9863 0 158.555 10344.4 
0 0 79.2773 92.2852 35.1562 0 0 0 79.2773 92.2852 35.1562 0 55.9863 0 158.599 55.9863 0 158.599 10358.2 
0 0 79.2334 92.1973 35.1562 0 0 0 79.2334 92.1973 35.1562 0 55.9424 0 158.73 55.9424 0 158.73 10372.4 
0 0 79.2773 92.1533 35.0684 0 0 0 79.2773 92.1533 35.0684 0 55.9424 0 158.906 55.9424 0 158.906 10386.2 
0 0 79.2334 92.0654 35.0684 0 0 0 79.2334 92.0654 35.0684 0 55.9424 0 158.994 55.9424 0 158.994 10400.2 
0 0 79.2334 92.0215 34.9805 0 0 0 79.2334 92.0215 34.9805 0 55.9424 0 159.126 55.9424 0 159.126 10414.2 
0 0 79.2334 91.9775 34.9805 0 0 0 79.2334 91.9775 34.9805 0 55.9424 0 159.302 55.9424 0 159.302 10428.2 
0 0 79.2334 91.8896 34.8926 0 0 0 79.2334 91.8896 34.8926 0 55.9424 0 159.478 55.9424 0 159.478 10448.6 
0 0 79.1895 91.8018 34.8926 0 0 0 79.1895 91.8018 34.8926 0 55.9863 0 159.653 55.9863 0 159.653 10463.3 